-0.410765, -0.250907
-0.608680, 0.639829
0.012775, -0.926164
-0.849929, -0.669673
0.441649, 0.166051
-0.517741, -0.917330
-0.985790, -0.456022
-0.927135, -0.305525
0.707366, 0.486563
-0.182684, -0.368221
0.444315, -0.293105
-0.525196, -0.457977
-0.518620, 0.202792
-0.484881, -0.219403
-0.902051, 0.687939
-0.274234, -0.798333
-0.995239, 0.363450
-0.744352, -0.773524
0.349967, 0.288039
-0.578670, 0.337067
-0.271024, 0.256961
0.942827, 0.967646
0.805508, -0.993086
0.232962, -0.769518
-0.901101, -0.814076
0.152759, -0.137848
0.779949, -0.456323
-0.110660, -0.831161
-0.682261, 0.514053
-0.927705, 0.900511
0.993059, -0.707620
0.890948, -0.958532
-0.149512, -0.049730
0.102950, -0.472166
-0.302333, 0.729731
-0.400198, 0.964173
0.154105, 0.609964
0.414452, 0.320971
-0.264408, 0.379049
0.051708, 0.194745
-0.378218, -0.421210
0.264164, -0.970687
-0.367115, 0.840218
0.958012, 0.815872
-0.076337, 0.916309
0.508684, -0.829376
-0.034342, 0.840275
0.352323, 0.030494
-0.216169, 0.219264
-0.987950, -0.880725
0.811309, -0.169583
0.988304, -0.749054
-0.656383, -0.438124
0.099862, -0.059358
-0.349080, -0.919685
-0.932254, 0.706910
0.242461, 0.191899
-0.433336, -0.307577
-0.484627, 0.179594
0.532737, -0.979036
-0.340496, -0.403466
-0.241291, 0.006593
-0.897126, 0.874708
-0.654338, -0.354225
-0.540072, -0.830680
0.592146, 0.854446
-0.565115, -0.918363
0.142819, -0.173580
-0.247018, -0.908673
-0.210645, -0.160466
0.031781, -0.071254
-0.602600, 0.731395
0.633569, 0.486709
-0.799606, 0.692562
-0.326642, -0.072983
-0.032402, -0.240281
0.309560, 0.978738
-0.407365, 0.092158
0.368220, 0.999383
-0.320426, -0.903907
-0.342259, 0.695718
0.686281, 0.292618
0.250165, -0.369587
0.721324, -0.798751
0.361480, -0.385558
-0.740579, 0.837358
0.000376, -0.157414
0.201788, 0.799782
0.449976, 0.622013
-0.595495, -0.076036
0.434263, -0.386883
-0.660596, 0.503142
-0.021581, 0.503305
-0.678571, -0.695325
-0.226883, -0.934673
0.182860, -0.857596
-0.753530, 0.423616
0.874375, 0.820589
-0.947417, -0.456316
0.602177, -0.817774
-0.213672, -0.728195
-0.095097, 0.758046
0.396838, -0.200901
-0.261399, -0.386654
-0.104656, 0.624703
0.120393, 0.802286
-0.667304, 0.531108
-0.230862, -0.467259
-0.938832, -0.753623
-0.662240, 0.541331
0.458829, -0.406002
-0.527300, 0.167994
-0.331037, 0.572746
-0.468781, 0.905978
-0.249554, -0.156928
-0.919135, 0.621881
0.640652, 0.031484
-0.139196, 0.881313
0.070872, -0.694569
-0.670230, -0.576677
-0.256715, 0.491946
0.000674, -0.748734
-0.235721, 0.901363
0.419861, -0.491327
-0.622252, 0.454190
-0.425342, 0.806156
0.047890, -0.556115
-0.060578, 0.218433
-0.415502, 0.423329
-0.149496, -0.146506
0.155334, 0.204037
-0.985321, 0.340399
-0.196417, 0.789451
-0.069222, 0.892177
0.092797, 0.693173
0.937415, -0.406236
0.030031, 0.781396
0.491669, -0.509166
-0.384577, 0.491894
0.668958, 0.281067
-0.251621, 0.717002
-0.225302, 0.520503
0.321398, -0.528191
0.411745, -0.171018
-0.974429, 0.216739
-0.448597, -0.007027
0.007688, -0.822114
-0.325184, 0.336680
0.635486, -0.893169
0.674138, 0.660552
0.043738, -0.496202
0.756766, -0.745570
-0.790870, -0.198768
0.132494, -0.589584
0.148347, 0.915921
0.610390, 0.009071
-0.437606, -0.528800
0.664672, 0.425666
-0.624097, 0.324238
0.394423, -0.258554
-0.331293, -0.649754
-0.938997, 0.496893
0.606977, -0.171849
0.663576, 0.578619
0.633710, -0.280223
0.696390, 0.428861
-0.798082, 0.993161
-0.195872, -0.059070
0.867107, -0.946344
0.573133, -0.204534
0.252699, -0.606390
0.149162, 0.308431
-0.557488, -0.838298
-0.357265, 0.158119
0.058057, -0.356321
-0.309160, -0.044131
0.284139, -0.839900
0.084381, -0.319704
-0.300830, -0.897616
-0.843587, 0.087724
-0.796628, 0.245938
0.954792, -0.901369
-0.794343, -0.115066
0.197440, 0.064207
0.784617, -0.287592
0.529115, -0.887470
0.788154, 0.226612
0.142650, -0.967840
0.696391, 0.180360
0.653998, -0.955147
-0.058317, -0.046239
0.418077, 0.463603
0.069819, -0.132297
0.061434, 0.571085
0.631776, -0.637886
0.142866, -0.297683
0.883363, 0.999346
-0.084905, -0.719099
0.796215, 0.520085
-0.438606, -0.924799
0.944707, -0.260851
0.207859, -0.479143
-0.104672, -0.327867
0.647877, 0.181489
-0.983505, 0.910733
-0.396874, 0.708447
0.739155, -0.102102
-0.548525, -0.812200
-0.630397, 0.916295
0.605754, -0.628056
-0.044181, 0.832165
-0.985005, -0.347205
-0.402887, -0.327334
-0.358075, -0.801333
0.905305, 0.704449
-0.726322, 0.137172
-0.750366, -0.005560
-0.604572, -0.409714
0.871761, 0.252909
0.296165, -0.807362
0.672023, -0.964976
0.789503, -0.563469
-0.016707, -0.068896
-0.813989, -0.368089
-0.340322, 0.636051
-0.640527, -0.904702
-0.734542, -0.837811
-0.410245, -0.522459
-0.429180, -0.191338
0.929333, -0.697841
-0.276990, -0.094706
0.569053, 0.212059
-0.722472, -0.618603
-0.551672, 0.630197
-0.088179, 0.823711
-0.052350, -0.711725
0.258298, -0.759246
-0.349216, 0.137869
0.264326, -0.835771
0.268718, -0.579849
0.598100, 0.150082
-0.865801, -0.615953
0.866629, 0.283726
-0.168028, 0.368926
-0.875018, 0.102174
-0.218282, -0.773216
-0.523105, -0.860071
0.963883, -0.720351
-0.408532, -0.191779
0.202409, -0.491381
-0.920488, -0.088381
0.077003, 0.981633
0.743804, 0.876174
0.795425, 0.372292
-0.747702, 0.909608
0.389758, 0.001054
0.168590, -0.466905
-0.854208, -0.269299
-0.305982, 0.048270
0.956898, 0.471579
-0.983175, -0.408544
0.569600, 0.107370
0.033775, -0.353815
0.716769, -0.159755
-0.987013, 0.227306
0.081420, -0.037388
0.337155, 0.616752
-0.940962, 0.983230
-0.709355, -0.131726
-0.203812, 0.395958
-0.137118, -0.029186
0.663494, -0.109771
-0.231725, 0.396252
-0.995212, 0.108265
-0.587649, 0.311706
-0.709388, 0.885870
0.727472, -0.918627
-0.755539, -0.214741
0.968444, -0.904662
0.603267, -0.578661
-0.113546, -0.375789
-0.432901, -0.930353
-0.684395, -0.129415
0.215078, 0.069270
0.950537, -0.578358
0.669878, 0.752560
0.226859, 0.166931
0.846119, 0.843049
0.548467, -0.223605
-0.472877, -0.299468
0.336044, -0.825448
0.401888, -0.216334
-0.628821, -0.894085
-0.693241, -0.512734
0.074869, 0.108144
0.962797, 0.051300
-0.338659, -0.394225
-0.419972, 0.776764
0.979798, -0.019721
0.026031, -0.566781
-0.923438, 0.748786
-0.245479, 0.927462
0.423607, 0.459425
-0.462028, 0.892167
-0.462186, 0.616339
0.273121, 0.189246
0.179046, -0.684737
-0.202266, -0.798872
-0.942808, 0.888125
-0.821858, 0.722198
0.116908, 0.428749
-0.802876, 0.719102
-0.985131, 0.829439
0.150734, 0.539238
-0.247168, -0.832196
0.987273, -0.270434
-0.432481, -0.420768
-0.600834, 0.962153
0.916689, 0.347081
-0.796327, -0.625044
-0.737937, -0.647061
-0.508954, -0.645040
0.025822, -0.876178
0.074313, 0.209786
-0.509318, -0.558734
-0.915847, 0.327622
-0.161415, -0.161006
0.711998, -0.818755
0.476809, 0.125553
-0.751500, -0.189724
0.030084, -0.545647
0.489889, -0.337191
-0.763182, 0.045703
-0.397615, 0.092552
0.354033, -0.282933
-0.384956, -0.227707
-0.397377, 0.865284
0.988534, -0.587646
-0.113084, 0.894485
-0.948212, -0.123966
-0.233334, 0.843858
0.602995, 0.663844
0.913381, 0.570909
0.622819, 0.800972
0.070648, -0.785349
-0.542727, 0.282512
0.658052, 0.821173
-0.832478, 0.939145
0.915782, 0.291640
-0.683605, 0.500045
0.355693, 0.234711
0.531476, -0.676078
0.077033, 0.308036
-0.981072, 0.114016
0.821067, -0.323372
-0.560507, 0.359087
0.586444, -0.662069
0.713105, -0.925950
-0.097881, -0.861338
-0.864859, 0.520487
-0.981053, 0.649748
0.591906, 0.478991
0.876682, -0.673415
0.367337, -0.565740
-0.407238, -0.848665
-0.720650, 0.136828
0.379943, 0.776047
-0.673198, 0.126213
0.265350, -0.299253
0.041781, -0.896821
-0.832812, -0.359292
-0.505448, 0.701563
-0.205372, -0.210648
-0.005710, 0.468065
0.520579, -0.858325
0.194285, 0.870459
-0.930082, -0.669675
-0.745402, 0.581632
-0.589616, -0.425343
0.503372, 0.813551
0.887850, 0.683117
-0.897135, -0.112759
0.983445, -0.749988
0.062206, -0.184051
-0.200215, 0.760550
0.974548, 0.340890
-0.549719, -0.210509
0.406985, 0.332078
0.724981, 0.496688
-0.723262, 0.422191
-0.635621, 0.514742
0.010820, 0.781346
-0.519821, -0.220486
0.941398, 0.929506
-0.528181, 0.860808
-0.790507, 0.750018
-0.768779, 0.177965
0.296105, 0.317724
-0.080525, 0.566805
0.208231, 0.741736
0.240531, 0.822293
-0.802047, -0.820266
-0.217973, 0.561445
0.898926, -0.289850
-0.912998, 0.587624
0.746013, -0.245570
0.856021, 0.224599
0.092118, 0.691551
-0.325625, -0.049686
0.667129, -0.848835
0.369592, 0.279684
-0.918832, 0.905180
0.105963, 0.379058
0.906108, -0.663633
0.307566, 0.829766
0.951832, 0.942531
-0.020002, -0.575383
0.759806, -0.459223
0.434975, -0.473288
0.267715, -0.534238
0.923558, -0.647512
-0.239986, 0.887405
0.685795, -0.044058
0.476254, -0.157402
0.783257, -0.795702
0.007675, -0.215754
0.157503, -0.211278
-0.668705, 0.595445
-0.760961, 0.550274
0.285238, 0.438927
-0.762664, 0.378250
0.618133, -0.846281
-0.020315, 0.557960
-0.271185, 0.815252
-0.561826, 0.426520
0.512090, -0.358718
0.843683, -0.571725
-0.147165, 0.625587
0.887723, -0.958483
-0.838606, 0.726376
0.798464, 0.936678
-0.268511, 0.597077
-0.208134, -0.774149
-0.058856, 0.073638
-0.539758, 0.526589
0.355424, -0.351890
-0.750627, 0.380560
-0.966185, 0.964011
-0.285147, -0.525601
-0.282860, 0.289842
0.102390, -0.676973
0.090000, -0.076118
0.344645, -0.227689
-0.620961, -0.234840
-0.413010, -0.675462
0.677767, -0.739477
0.222424, -0.829088
0.920267, 0.343690
-0.124338, 0.994701
0.440740, -0.071882
0.822091, 0.077051
0.767348, -0.005522
-0.427245, 0.423771
0.931545, 0.045303
-0.304293, -0.079175
0.674600, -0.792461
-0.308803, 0.295936
-0.349153, -0.338883
0.178306, -0.239194
0.093319, -0.908910
0.083630, 0.798108
0.608531, 0.549325
0.637379, -0.170914
0.279773, -0.286376
0.774186, 0.020626
-0.579813, 0.679542
-0.191161, -0.256013
0.453521, 0.747296
0.019915, 0.153557
0.450321, -0.150915
0.866429, -0.064844
-0.243004, 0.217199
-0.285720, -0.836277
-0.163775, 0.980791
0.619621, -0.855914
0.011576, -0.898394
-0.298805, 0.541881
0.825329, 0.489368
-0.312788, -0.226280
0.164440, -0.477718
-0.351606, 0.862237
0.688722, -0.051578
-0.871086, 0.977530
0.704227, -0.759628
0.124125, -0.125414
-0.215720, 0.363371
-0.669869, -0.613884
-0.984241, -0.819976
0.023465, 0.727183
0.187451, 0.332515
0.862947, -0.757068
0.759386, 0.514187
-0.726491, 0.411231
-0.584040, -0.911827
0.454394, -0.294137
0.377206, -0.321171
-0.001641, 0.749595
0.454521, 0.704880
-0.123765, 0.865389
0.278107, -0.766470
0.928609, 0.196438
-0.324970, 0.441861
-0.763033, -0.210121
-0.008615, 0.129719
-0.450212, 0.916545
0.540395, -0.564409
-0.754642, -0.780110
-0.136872, -0.422481
-0.407876, -0.097510
0.695949, 0.207098
0.204916, -0.968379
-0.743322, -0.077760
0.910109, 0.203908
0.070434, -0.360843
-0.983134, -0.432332
0.542118, -0.210138
0.575502, -0.645849
0.553180, -0.203748
0.953534, -0.518247
-0.982650, 0.674617
0.303536, -0.506910
-0.984249, 0.966468
0.187216, 0.410172
-0.211854, -0.315091
-0.546044, 0.722254
-0.796175, -0.163430
-0.874637, -0.462360
0.142449, 0.761149
-0.343604, 0.010670
0.823061, -0.437645
0.090648, -0.518269
-0.399189, 0.137671
-0.883470, -0.317762
0.695531, -0.686051
-0.692495, 0.011300
0.339967, 0.477363
-0.249314, -0.574406
-0.511655, 0.381746
-0.159035, -0.789237
0.590653, 0.046425
0.730496, 0.328646
-0.937959, 0.839614
-0.583996, 0.039810
-0.649475, -0.485750
0.834592, -0.969051
-0.194319, 0.720149
0.072482, 0.264293
-0.202044, 0.928986
-0.257532, -0.098096
0.042637, -0.019794
-0.761708, 0.484168
-0.312807, 0.066259
-0.209290, 0.739170
-0.089470, -0.956787
-0.813656, 0.752573
0.847730, 0.182281
-0.351275, -0.703426
-0.712196, -0.610247
-0.597050, 0.794995
-0.696510, 0.325170
-0.630737, -0.895904
0.110367, -0.471478
-0.880875, 0.516063
0.732600, 0.926110
0.167336, 0.438432
0.753756, 0.736589
0.482485, -0.692052
0.241026, 0.775306
0.514074, -0.673866
0.741758, 0.178199
-0.480935, -0.884202
0.580159, -0.736530
-0.970351, -0.698379
-0.927200, -0.064052
-0.670740, -0.152270
-0.012691, -0.272523
0.256929, -0.941198
0.356186, 0.452592
-0.160880, -0.617410
0.828230, 0.947001
-0.697074, -0.166573
-0.570548, 0.124298
0.178245, 0.739229
-0.007079, 0.621658
-0.289725, -0.583205
-0.191145, -0.017784
0.989574, -0.577865
0.570832, -0.758107
0.965074, -0.216222
-0.974112, 0.268248
0.625140, 0.892636
0.398967, -0.329723
0.071723, 0.251120
-0.642942, 0.036859
0.105612, 0.884612
0.737419, -0.970578
0.690490, 0.551096
-0.678008, 0.889557
-0.898441, -0.023355
-0.394229, 0.102382
0.315047, -0.467737
-0.389600, -0.616236
0.187908, -0.112781
-0.035463, -0.160216
-0.615465, 0.432515
0.421460, 0.976775
-0.331740, -0.448339
0.307263, 0.325932
-0.535878, 0.631377
0.440698, -0.475942
-0.111431, 0.373449
-0.905330, -0.850693
0.214430, -0.228233
0.413540, -0.921927
-0.553614, -0.766146
0.484746, -0.181190
-0.397552, 0.779616
0.149415, 0.293293
-0.821255, -0.514900
0.726810, 0.978749
-0.327251, 0.836582
-0.761169, 0.963083
-0.881029, -0.009347
0.918737, 0.627186
0.599077, 0.745825
-0.174930, -0.878690
0.781381, -0.784889
0.031436, -0.544418
0.479381, 0.671655
-0.116003, 0.462951
0.890919, -0.908006
0.936332, 0.759989
0.173079, 0.710378
0.336328, 0.410372
-0.441208, -0.646415
-0.257006, -0.168724
0.797187, -0.621908
-0.115395, 0.628586
-0.615188, -0.172764
-0.347301, 0.243099
0.840693, -0.900979
-0.669186, 0.953501
0.954241, 0.973888
-0.651787, -0.555395
-0.975075, 0.980673
-0.304888, -0.279804
-0.352935, 0.984669
-0.869927, -0.133303
-0.470495, 0.403324
-0.573361, 0.109652
-0.582116, 0.256314
0.247432, 0.027739
-0.425073, -0.034845
-0.541683, 0.418853
-0.936186, -0.670166
-0.315601, 0.194834
-0.913429, -0.938425
-0.404567, 0.215180
0.158117, 0.826862
-0.452520, -0.414035
0.188964, -0.454568
-0.566698, 0.799271
0.608421, -0.598714
0.500122, -0.631057
-0.542009, 0.453995
-0.608264, 0.049492
-0.190564, 0.012640
-0.207326, -0.934181
-0.818382, 0.981905
-0.564225, -0.119877
0.780587, 0.019102
0.125427, -0.874751
0.918601, -0.638124
0.394532, -0.812963
0.862719, -0.205756
-0.849325, -0.757749
-0.330744, 0.760695
-0.196046, 0.847595
0.395827, -0.013789
0.515512, 0.481004
0.162634, 0.690128
0.573196, -0.623781
-0.602373, -0.011405
0.746653, -0.296686
-0.709159, 0.270712
0.563650, 0.382755
-0.449761, -0.457189
0.868649, -0.192289
0.900049, 0.542844
0.901658, 0.277239
-0.102314, -0.253062
-0.687106, 0.109845
-0.114255, -0.221360
0.950406, 0.202680
0.971045, -0.579488
0.640605, -0.740215
-0.799650, 0.963819
0.069481, 0.125641
0.058194, 0.814032
-0.762477, -0.498531
0.507583, 0.771282
0.721144, 0.044167
-0.238392, 0.289105
0.666562, 0.843045
-0.974110, -0.789552
0.482895, 0.985181
0.032333, -0.564815
0.977492, -0.837523
0.391449, -0.414457
-0.269072, 0.315252
-0.850158, 0.399726
-0.087907, 0.841552
-0.360109, 0.363368
-0.283423, -0.092199
0.262168, 0.435092
0.408197, -0.361670
0.279695, -0.156031
0.582497, 0.829969
0.448724, 0.450579
-0.932560, 0.962292
-0.339039, -0.262848
-0.104012, -0.683662
0.373882, -0.971815
0.980594, -0.501388
-0.667460, -0.182103
0.820080, -0.801845
0.856956, 0.178349
0.204189, 0.730481
0.263310, 0.331092
-0.025762, 0.107797
-0.771991, -0.814515
-0.048708, -0.383110
0.437967, -0.545538
0.352381, -0.783818
0.676928, 0.577391
0.718249, -0.946396
-0.018927, 0.490625
-0.634982, -0.691195
-0.713025, 0.772432
0.385926, -0.930038
-0.640222, -0.398263
-0.887650, -0.430511
0.395168, -0.756392
0.860540, -0.345833
-0.206099, 0.593982
-0.349246, 0.896397
-0.254952, -0.052240
-0.421454, 0.965696
-0.460981, -0.346897
0.940541, -0.749939
0.348600, -0.007892
-0.155884, 0.722166
0.988111, 0.252322
0.461395, -0.316156
0.264987, 0.565732
-0.012238, 0.328922
0.419469, -0.495897
0.714410, 0.515119
0.530819, 0.268973
0.101609, -0.437663
-0.510724, 0.137718
-0.262206, -0.921452
-0.478184, -0.207656
0.380582, -0.767008
-0.061241, 0.127948
-0.904670, -0.542819
0.366189, 0.643588
0.319867, 0.452247
0.448742, -0.505088
-0.983960, -0.317961
0.262468, 0.185609
-0.825403, -0.183877
0.433321, 0.186497
0.851195, 0.192602
-0.293699, 0.301441
0.923555, 0.297391
-0.379108, 0.788758
0.348510, 0.799490
0.627885, -0.968319
0.960768, -0.616842
-0.018819, -0.956932
-0.789891, -0.304194
-0.851273, -0.748558
-0.226764, -0.537494
0.492079, -0.003661
0.803838, -0.828976
0.831700, -0.734116
-0.323417, -0.975175
0.585033, -0.998007
-0.787190, -0.337567
-0.297329, -0.860360
-0.480814, 0.552247
-0.414477, 0.213853
-0.198849, -0.413833
0.712837, -0.076004
-0.607540, 0.231984
-0.197554, -0.556367
0.686529, 0.623641
-0.804696, -0.275884
0.436101, 0.803572
0.665006, -0.715886
0.753586, -0.089323
0.539941, 0.392585
0.859366, 0.741998
0.092662, 0.814819
0.995855, 0.074352
0.566888, 0.807212
-0.447352, -0.695417
-0.294368, -0.171429
-0.734273, -0.961324
0.296453, 0.456375
0.532478, 0.733339
0.148149, -0.903011
0.874518, -0.030783
0.971388, -0.635961
-0.780481, -0.792349
-0.869772, 0.156287
-0.121383, 0.698231
0.183622, 0.153168
0.595542, -0.584019
0.075626, -0.729613
-0.156630, 0.844401
-0.474114, -0.122922
0.456592, 0.835913
0.811440, -0.893656
-0.082540, 0.619641
0.896892, 0.777239
-0.940741, -0.174688
-0.652135, 0.864393
0.188469, 0.781547
0.342952, 0.664771
-0.891492, 0.895990
0.500955, 0.897843
-0.373905, 0.334369
-0.047367, 0.524095
0.325459, 0.033590
-0.576497, -0.942447
-0.420497, 0.650597
0.367315, 0.622110
0.570450, 0.272267
0.992885, 0.247064
0.749224, -0.057621
-0.031810, 0.909478
-0.440971, -0.915608
-0.499803, -0.522363
0.207194, -0.508927
0.818886, 0.618631
0.390054, -0.416669
-0.574827, -0.446576
-0.953912, 0.620652
0.854006, 0.872539
0.894290, 0.694766
-0.971118, -0.075210
0.176699, 0.758643
-0.164712, -0.296069
0.017099, -0.963665
-0.778093, -0.739070
-0.585799, -0.673156
-0.723691, 0.150147
0.391382, -0.974862
-0.698669, -0.387058
0.952968, -0.752003
0.526852, -0.326820
0.831426, 0.141240
-0.844767, -0.136939
-0.263707, 0.207860
0.690084, 0.704984
0.376304, 0.397791
0.815704, 0.058865
0.970819, 0.101580
0.935517, 0.063341
0.653290, -0.450969
-0.749612, -0.835895
0.818835, 0.279056
0.873630, -0.475293
0.620074, -0.769902
-0.723885, -0.448054
-0.054734, -0.854751
0.034828, 0.249301
0.046411, 0.701085
-0.100411, 0.039625
0.311713, -0.456138
0.304396, -0.302054
0.117017, -0.034389
0.688566, -0.843379
0.965595, 0.593716
-0.309872, -0.508498
-0.788559, 0.178456
-0.099066, -0.563639
0.930242, 0.267607
0.581465, 0.906593
0.056617, 0.440838
-0.237620, -0.668085
-0.563698, 0.232575
0.134459, -0.505095
-0.586901, 0.878451
-0.477040, -0.681509
0.395222, -0.214811
0.953263, -0.134634
-0.059506, -0.335141
0.643751, 0.062203
0.845621, 0.985043
-0.287823, -0.500486
-0.312084, -0.593773
-0.876462, 0.177667
0.017901, 0.473866
-0.510313, -0.106999
0.742736, -0.174106
-0.010749, 0.893800
0.760213, 0.070070
-0.390175, 0.065471
0.496802, 0.486116
-0.486063, -0.637667
-0.045287, 0.603816
-0.894608, 0.679289
-0.329304, 0.069060
-0.707082, -0.561687
0.191878, 0.911351
0.374378, -0.612580
-0.726218, -0.346461
0.580358, 0.199231
0.496647, -0.580040
0.457704, -0.963802
0.551582, 0.382460
-0.287808, 0.468452
0.604034, -0.009016
-0.631241, 0.833085
-0.601258, -0.978130
0.423614, -0.914456
0.892871, -0.810149
0.750789, 0.197564
0.087541, 0.593301
0.157399, -0.286330
-0.865304, 0.370531
0.337936, 0.516191
0.286124, 0.769508
-0.871997, 0.438898
0.627496, 0.192990
0.537391, -0.441879
-0.863314, 0.997534
0.271796, -0.497670
-0.795899, -0.581939
-0.687482, 0.772433
0.720713, 0.459040
-0.799823, 0.722494
-0.840224, -0.919255
-0.615376, -0.922985
-0.325543, 0.600712
0.105026, 0.498148
-0.710692, -0.807387
-0.809580, -0.016915
-0.462303, 0.059276
-0.467742, -0.571954
0.972555, 0.127531
-0.963679, 0.707548
-0.085582, -0.551400
-0.955759, 0.957622
0.063563, -0.270997
0.029685, -0.022546
-0.548962, -0.586111
-0.684333, -0.896839
-0.385488, 0.615898
0.838702, -0.808381
0.873752, -0.038057
0.715391, 0.194958
0.065613, 0.156802
0.952217, -0.583273
-0.963751, -0.906332
-0.652428, 0.532927
0.927692, 0.896625
-0.022529, -0.883650
0.084602, 0.712292
-0.927887, 0.124879
-0.973492, -0.094919
-0.328673, 0.157874
-0.000712, -0.879275
0.268894, 0.524004
0.150051, -0.685229
-0.980492, -0.626326
-0.541994, -0.700531
-0.876155, 0.674571
-0.858569, 0.994782
-0.684086, 0.602227
0.802110, 0.670680
-0.023698, 0.948503
0.381936, -0.858132
-0.370428, -0.780248
0.269715, 0.024054
-0.920736, 0.712219
0.126688, 0.901421
-0.284044, 0.661364
0.750070, -0.823816
-0.027189, -0.666851
0.973295, -0.880923
-0.486195, 0.816033
-0.595628, -0.778484
-0.365320, 0.199552
-0.520958, -0.113388
-0.086805, 0.661615
0.213870, -0.806037
0.894664, 0.297046
0.185436, -0.843342
-0.281606, -0.738960
-0.689582, 0.357462
0.388307, 0.990930
-0.797084, 0.456987
0.568354, 0.526715
-0.194777, 0.958132
0.032287, -0.390088
0.535850, -0.681042
-0.292854, 0.283354
0.931121, 0.662131
-0.111395, 0.650457
0.127690, 0.586224
0.859266, -0.540171
0.224815, 0.728761
0.288303, -0.353416
-0.415543, -0.887100
0.484269, 0.186843
0.397697, -0.661287
0.234210, 0.558408
0.418473, -0.055762
-0.708927, -0.007377
-0.757944, -0.182843
-0.449834, -0.772189
0.449135, 0.852132
0.875255, -0.296388
0.911481, -0.635028
0.649076, -0.530002
0.235584, -0.309575
0.470345, -0.133171
-0.470398, 0.742260
-0.742549, 0.035972
-0.738051, -0.305717
0.639439, 0.699380
-0.038904, -0.459980
0.238526, 0.412336
0.213939, -0.437169
0.006663, -0.912304
0.486886, 0.629436
-0.031768, -0.155203
0.833528, 0.785151
0.410180, -0.598719
-0.786624, 0.537691
0.634361, 0.191860
-0.715210, 0.902040
-0.795674, 0.133484
0.003952, -0.105364
-0.253834, 0.283551
-0.058699, 0.471357
-0.270961, 0.884406
-0.673266, -0.445251
0.754457, 0.939430
-0.788651, -0.139444
0.231463, -0.295470
0.741556, 0.179968
-0.807920, 0.859474
-0.897737, -0.387162
0.925301, 0.777436
-0.437594, -0.159145
0.928193, 0.917611
-0.216759, -0.497928
-0.736704, -0.878409
0.142674, -0.496003
0.872728, -0.844161
0.411094, 0.512802
-0.402914, -0.277890
0.726521, 0.084863
-0.636306, -0.944464
-0.186006, 0.906722
0.751376, 0.531782
0.845041, 0.480324
-0.201577, -0.104681
-0.193153, 0.895958
0.318607, -0.307853
0.183691, 0.250337
0.995779, 0.216787
-0.364226, -0.257246
0.444865, 0.391403
0.199372, -0.074002
0.065519, 0.322191
-0.883861, -0.429971
0.291161, -0.582601
0.473591, -0.579844
0.701742, 0.852384
0.370395, 0.759139
0.226246, -0.413822
0.296363, -0.112680
0.133935, -0.899276
0.449287, -0.449893
0.203931, -0.145908
-0.819970, -0.164020
-0.920148, -0.731996
-0.914135, 0.819218
-0.918904, -0.486592
-0.258580, -0.544081
-0.680454, -0.638508
-0.410155, 0.426966
0.601436, -0.544207
0.389694, -0.871697
-0.581460, 0.911922
-0.212000, 0.698818
0.147947, 0.761640
-0.116664, -0.276457
-0.582275, 0.179395
-0.978800, -0.448355
-0.868019, 0.164053
-0.753935, 0.067870
-0.428353, 0.344247
0.372289, 0.920055
0.784853, 0.666650
-0.420803, 0.727664
-0.447988, 0.161753
0.861388, -0.028964
0.463166, -0.898973
0.770755, 0.629197
-0.578489, -0.955865
-0.616717, -0.413155
0.755999, 0.036402
0.743424, 0.607669
0.675904, 0.875484
0.883880, -0.638027
-0.363106, 0.317511
0.632178, -0.041012
-0.727348, 0.087629
-0.329605, 0.216214
-0.852207, -0.792007
-0.456361, -0.540989
0.078081, -0.762740
-0.246558, 0.761532
-0.468504, 0.538633
0.626963, -0.895873
-0.093565, -0.125321
-0.801768, 0.137072
-0.671100, -0.079725
-0.038778, -0.936536
-0.641707, -0.481523
0.781155, -0.852961
0.144125, 0.250876
-0.151247, 0.204963
-0.385324, 0.941761
0.969539, -0.134879
-0.778224, -0.047190
-0.401533, -0.008009
0.670861, 0.280428
0.051499, 0.148594
0.609182, -0.933227
-0.625819, 0.318143
0.809773, -0.344458
-0.312019, 0.756419
-0.655950, 0.817258
0.717960, -0.442759
0.837644, 0.702530
-0.351304, 0.887058
0.526067, 0.212205
-0.710045, 0.185978
-0.960249, 0.317939
-0.244411, -0.981365
-0.072200, -0.080349
-0.338200, -0.483973
-0.852024, -0.538689
0.069979, 0.917443
-0.147905, -0.923072
-0.275732, 0.941862
-0.092453, -0.610331
0.528682, -0.624520
0.338537, 0.610166
-0.070064, -0.754240
0.747556, 0.432499
0.327860, -0.981106
-0.802696, 0.759847
0.062269, 0.181721
0.373947, -0.650376
-0.414367, 0.138998
0.646154, 0.039299
0.986637, 0.777192
0.039624, -0.290166
0.880289, -0.128001
0.428048, 0.193427
0.920812, -0.371880
0.897392, -0.854089
0.431869, 0.153960
0.811632, -0.910564
0.268003, 0.404521
-0.797639, -0.956018
-0.711809, -0.063801
-0.868123, 0.541130
0.175558, -0.170876
0.292092, -0.707932
-0.807253, -0.695574
0.056539, 0.743158
-0.737091, 0.174722
-0.022359, -0.240281
-0.567713, -0.359384
0.731665, 0.120349
0.493692, 0.376954
0.780769, 0.778367
0.648376, 0.548589
0.209201, -0.789572
-0.969098, 0.292872
0.084861, 0.954011
0.434440, 0.646784
0.577238, -0.274867
0.039670, 0.430909
0.852004, -0.275008
0.988003, -0.765961
0.227761, -0.700807
0.500397, -0.458148
-0.601776, -0.363169
-0.372074, 0.021875
0.196047, -0.941986
-0.792867, -0.978135
-0.046236, 0.125343
0.481808, 0.040671
-0.103488, -0.794888
-0.658289, 0.353383
-0.411093, 0.369854
0.931361, -0.702854
0.076024, 0.412823
0.399176, -0.943553
-0.980999, 0.757681
-0.817334, 0.658697
0.172609, 0.506947
-0.461408, -0.707607
0.029298, -0.136918
-0.955830, -0.329707
-0.741726, 0.849105
-0.220403, -0.831262
0.543916, 0.821023
-0.666899, 0.503830
0.258641, 0.042091
0.332233, 0.118668
-0.702032, 0.687452
0.904681, 0.407142
-0.016486, 0.761046
0.160686, 0.645500
-0.193339, 0.099290
0.190714, 0.110359
-0.691308, 0.016412
0.141957, 0.762721
0.369902, -0.007940
0.954119, -0.462561
0.342849, 0.494221
0.253422, 0.696126
0.055075, -0.267852
-0.416134, 0.600415
-0.685064, 0.150541
-0.900094, 0.838485
0.587520, 0.838128
0.820904, 0.835332
0.410656, -0.309375
0.124267, -0.112095
0.347829, 0.150567
0.382692, -0.672936
-0.415341, 0.001674
-0.199009, 0.404018
0.837400, -0.609816
-0.404956, 0.944414
0.412681, 0.999286
-0.111689, 0.290534
0.162737, 0.611144
0.701083, -0.439418
0.750940, -0.057769
0.655196, 0.735898
-0.222594, 0.722311
0.695529, -0.310400
-0.600134, -0.061046
-0.006509, 0.834771
0.574145, 0.616512
-0.713396, 0.579765
-0.344427, -0.042756
-0.609721, 0.049737
0.479047, 0.693723
0.594036, 0.845550
0.303772, -0.024309
-0.863669, 0.573569
-0.671478, -0.952869
-0.995172, -0.287439
-0.525089, -0.057456
-0.561713, 0.539958
0.670942, 0.235505
0.177688, -0.533945
-0.659633, -0.045221
-0.120823, -0.291890
-0.975443, 0.936733
0.671166, 0.743075
-0.070107, 0.568968
0.922994, 0.671863
0.683758, -0.051578
0.505981, 0.959772
-0.953180, 0.841531
0.809269, 0.672843
0.221047, 0.256285
0.530987, 0.326773
0.059145, 0.409333
-0.407767, 0.218571
-0.924335, 0.628320
0.449521, 0.445812
-0.156214, -0.596374
-0.059123, 0.822286
-0.248864, -0.365421
-0.241763, 0.686333
0.574012, -0.321756
-0.977730, -0.837817
0.983935, -0.308377
-0.425974, -0.247565
-0.501421, -0.267177
-0.225565, -0.363209
0.339224, 0.793691
0.143271, -0.798175
0.263460, -0.528291
-0.472385, 0.214392
0.520539, -0.811878
0.384983, -0.732259
0.601178, -0.780126
-0.431673, 0.616782
-0.412475, -0.154819
-0.280515, -0.962542
-0.618191, 0.770124
0.219647, 0.038896
0.387109, -0.637351
-0.861524, -0.264532
-0.022363, 0.362246
0.088632, -0.496004
-0.595232, 0.092301
-0.699305, 0.278085
0.612473, -0.626631
-0.595385, 0.247418
-0.465157, 0.073677
-0.660285, -0.688738
-0.400816, -0.836771
0.315218, -0.543968
-0.518713, 0.317507
-0.831667, 0.013066
0.529806, -0.734074
0.473469, 0.350904
-0.933374, -0.133206
-0.115030, 0.606616
0.277667, 0.699420
-0.388846, 0.316036
-0.033340, 0.543018
-0.880862, 0.821873
-0.776412, -0.552498
-0.723800, -0.276718
-0.089173, 0.588529
-0.805332, 0.863553
-0.793740, 0.889455
0.813053, 0.628608
-0.208767, 0.232289
0.803933, 0.313460
-0.284123, -0.859033
0.305123, -0.042593
-0.677586, -0.439451
-0.025303, -0.851900
-0.389123, -0.145431
-0.307591, -0.699051
-0.211626, -0.995127
-0.661678, -0.014109
0.981007, 0.476248
-0.370888, 0.610492
-0.970373, -0.709684
0.922700, -0.946834
0.179540, -0.019495
-0.130210, -0.697228
0.940345, 0.980573
-0.333461, -0.004960
-0.332447, 0.273719
-0.542786, -0.452620
0.711144, 0.420260
-0.953120, -0.653898
-0.168238, -0.881639
0.444257, -0.462180
-0.885365, -0.799429
0.916327, 0.208086
-0.122075, 0.671985
0.042747, 0.008222
-0.537355, 0.951587
-0.738524, -0.555004
-0.485354, -0.539909
-0.520241, -0.561241
0.190248, -0.186506
0.211027, -0.942133
-0.472070, 0.590387
0.997274, -0.010825
0.182479, 0.562634
0.807745, 0.931469
0.956777, 0.224257
0.237232, 0.652972
-0.742084, 0.934281
-0.985291, 0.592685
0.314830, 0.012210
0.042383, 0.532944
0.384621, 0.130072
0.366006, 0.493141
-0.827123, -0.991898
-0.024790, 0.180785
0.121985, 0.744781
0.377803, -0.698248
0.535263, -0.964095
-0.360991, 0.422593
-0.462596, 0.035389
0.230253, -0.481206
-0.721600, 0.930841
-0.441927, 0.141750
0.311915, 0.582985
-0.670601, -0.063997
-0.773343, -0.599436
-0.376858, 0.590193
0.601060, 0.370027
0.132390, -0.185082
-0.397262, 0.700141
-0.106584, 0.082827
-0.851834, 0.347087
0.492804, 0.645705
-0.635331, 0.666860
0.858515, 0.593467
0.577153, 0.177900
0.892420, -0.992740
0.826515, -0.151250
0.686953, 0.026865
0.806440, 0.978112
-0.210116, -0.843106
-0.771405, -0.566801
0.773043, -0.546415
0.707528, 0.145612
-0.837409, 0.222247
0.778128, -0.369771
-0.382718, -0.946276
-0.116628, -0.077008
-0.584235, -0.365725
0.086272, -0.216244
0.848799, 0.040779
0.047974, 0.810689
0.672339, -0.354242
0.729740, 0.318078
0.980325, 0.043633
-0.954739, 0.888026
0.463790, -0.758356
-0.188947, 0.012296
-0.685061, 0.840554
0.049308, 0.963053
-0.519412, -0.081097
0.760814, -0.432633
0.960223, 0.545057
-0.455416, 0.867641
-0.879185, -0.301444
-0.321071, -0.318829
-0.432978, 0.455571
-0.518597, 0.758527
-0.731979, 0.710257
0.960393, -0.219122
0.824627, -0.188800
-0.331586, -0.806591
-0.326403, 0.597911
-0.597972, -0.492089
0.511071, 0.800281
-0.350315, -0.028847
0.302786, 0.457899
0.035678, 0.440051
-0.649485, -0.704024
0.458632, 0.627076
-0.701598, 0.150689
0.462007, 0.043030
0.613065, -0.509311
0.678178, 0.334198
-0.821894, -0.099781
-0.519539, 0.983191
-0.966306, 0.389599
-0.826920, 0.538378
-0.266875, 0.448743
0.855181, -0.205805
-0.503079, 0.503981
0.281348, 0.197110
0.171514, 0.100135
-0.070726, 0.744285
0.919641, -0.485367
0.065866, -0.484012
-0.309765, -0.308458
0.949983, 0.535670
-0.630364, 0.177772
-0.892904, 0.715709
-0.928753, -0.587939
-0.607955, 0.662978
-0.425234, 0.559326
-0.799326, -0.136446
0.700420, -0.684478
0.192435, 0.973771
0.817222, 0.029818
0.802196, -0.121859
0.278200, 0.430325
0.683926, 0.012022
-0.995523, -0.182849
0.869492, -0.324305
0.446968, 0.834291
-0.764670, -0.477495
-0.950388, -0.477205
-0.891643, 0.271346
-0.153796, 0.747969
-0.746413, -0.793380
0.050315, 0.455239
-0.694949, 0.882184
0.728396, 0.609536
0.041967, -0.637212
0.413143, -0.785045
-0.587468, -0.896296
0.700765, 0.237128
-0.123885, -0.999990
0.310490, 0.338514
-0.585585, -0.056770
0.414734, 0.846725
0.139060, -0.159229
0.723581, 0.107324
-0.559358, -0.575397
0.930908, 0.084770
0.356997, -0.002387
0.382021, 0.403148
0.801987, 0.680314
0.466743, -0.078812
0.300142, 0.181333
0.191537, 0.845933
0.791358, -0.491170
0.466669, -0.571587
-0.352550, -0.818093
0.934227, -0.502717
0.462125, -0.942520
-0.979643, 0.286679
0.420061, -0.158583
0.009747, 0.603719
-0.137793, 0.125292
-0.172274, 0.421713
0.413405, -0.703752
0.342591, -0.243417
-0.203497, 0.201128
0.391197, 0.769215
0.415808, 0.058364
-0.087159, -0.457180
0.137543, 0.814673
0.931112, 0.375785
-0.620944, 0.294601
0.638213, 0.011087
-0.029010, -0.334452
-0.931995, 0.999793
0.294151, 0.740067
-0.635300, -0.932619
0.897515, -0.153607
0.516833, -0.854196
0.974986, 0.469318
-0.208704, -0.376872
0.633137, 0.882069
0.835554, -0.895917
0.165568, -0.151561
-0.356153, 0.768853
-0.863678, 0.909753
-0.542619, 0.681952
0.613710, -0.765184
0.711606, 0.562598
-0.102823, 0.158665
0.473748, -0.598914
-0.909168, -0.751902
0.844312, -0.380533
-0.240099, 0.216855
-0.159030, -0.629451
-0.621644, 0.241028
-0.383618, -0.444163
-0.961250, -0.711649
0.315921, 0.282435
-0.972162, 0.927984
-0.512750, 0.264573
0.566915, 0.645411
0.187310, 0.374047
-0.650807, -0.498332
0.831984, 0.825109
0.235236, 0.572613
0.751326, -0.301601
0.414553, 0.439323
-0.277964, 0.485458
-0.979841, 0.580643
0.965556, -0.192335
0.122661, -0.111898
-0.640346, 0.806839
0.370148, 0.526219
0.298776, -0.436429
-0.607522, -0.717883
0.292007, 0.173764
-0.992250, -0.174591
0.773742, 0.835577
0.582117, 0.574636
-0.408973, -0.996508
0.174441, -0.438103
0.241581, -0.156179
0.409176, -0.112039
-0.416369, -0.332741
0.248166, 0.586227
0.373042, -0.139760
-0.714906, -0.676452
-0.704627, 0.519410
-0.526106, 0.810823
-0.092227, -0.823444
0.802839, 0.560290
-0.369703, 0.626171
-0.265742, -0.470750
-0.248777, -0.098637
0.560315, 0.248233
0.897010, -0.182458
-0.188455, 0.615313
-0.383664, 0.856928
-0.948404, -0.590299
-0.595298, -0.969824
-0.764454, -0.407703
0.582737, 0.325447
0.919831, 0.198354
0.090422, -0.764656
-0.520303, 0.927357
0.447516, -0.709600
-0.962019, -0.201869
0.959798, 0.993598
0.405695, -0.416521
-0.061043, 0.018098
-0.675402, -0.493074
0.011376, 0.037662
0.510477, 0.377004
0.419224, -0.206013
0.405805, 0.526809
-0.503208, 0.516859
0.775537, 0.940364
0.924939, -0.366032
0.786274, -0.896262
0.813028, 0.555621
-0.128902, -0.774000
-0.420782, 0.216163
0.083247, -0.989762
0.141250, 0.985173
0.064829, -0.779254
-0.789861, -0.513523
-0.367512, 0.457981
-0.334275, 0.671095
-0.852325, -0.821496
0.783322, 0.675300
-0.768957, 0.431037
0.123058, -0.926702
-0.295319, 0.938617
-0.875258, 0.342909
-0.679662, -0.509736
0.274187, 0.676123
-0.420367, 0.686771
0.381961, -0.085597
-0.777529, 0.236994
-0.633316, 0.258967
-0.117849, 0.575700
-0.282355, -0.034792
0.699879, -0.099793
-0.556138, 0.967216
-0.224457, -0.869795
-0.492292, -0.124151
0.691662, -0.874344
0.180379, 0.573938
-0.743562, -0.544486
0.054476, 0.455337
0.433897, 0.228078
0.379531, -0.392045
-0.286118, -0.654521
-0.227881, 0.761090
0.938980, 0.554838
0.363731, 0.448316
-0.512123, 0.426767
-0.230820, 0.184761
0.541986, 0.936525
0.067013, -0.042058
-0.782988, 0.380511
0.265395, 0.136950
0.039911, 0.916607
-0.489579, -0.466332
-0.180326, -0.454332
0.498409, -0.339206
-0.535190, 0.744716
0.339916, -0.462576
-0.419584, -0.649363
-0.766377, -0.250620
-0.539321, 0.063108
0.764705, -0.571727
-0.606652, 0.846896
-0.333925, -0.417915
0.106744, -0.605165
-0.314334, -0.904300
0.514571, 0.584317
0.924826, 0.400507
0.714518, 0.516790
0.231524, 0.636949
0.725051, 0.646595
0.546243, -0.721786
-0.792175, -0.817366
0.359943, 0.288973
-0.838510, 0.269234
0.118747, 0.809905
0.928401, -0.459072
-0.714154, -0.011113
0.724045, -0.871443
0.376786, 0.320920
0.713655, -0.344853
-0.753288, -0.453412
-0.387072, 0.698617
0.494024, 0.740564
-0.934891, 0.315236
0.292484, 0.888303
0.698491, -0.755745
-0.029570, 0.459414
0.369761, 0.217706
0.215128, -0.187832
0.173547, -0.516399
0.903206, -0.536188
-0.096654, 0.745955
0.819162, 0.445968
0.943976, 0.813955
0.218150, -0.233590
0.206725, 0.444577
-0.639657, -0.453606
-0.731794, 0.549931
-0.033166, -0.664885
0.173231, -0.114207
-0.864534, 0.579270
-0.830392, -0.123914
-0.024345, -0.847820
-0.520134, 0.820014
-0.566927, 0.181509
0.577972, 0.101079
0.242925, 0.338955
0.956672, 0.591848
0.265333, 0.384173
-0.619205, 0.431827
-0.981489, 0.776112
-0.481573, 0.709477
0.656940, -0.673764
-0.358895, -0.315635
0.713018, -0.666243
-0.920661, -0.369272
-0.440145, -0.068758
-0.737643, -0.909127
0.818216, -0.698876
-0.108484, 0.341404
0.472389, -0.962474
-0.263287, -0.069688
-0.836117, -0.188251
0.222461, 0.216031
-0.061704, -0.151026
-0.200800, 0.635219
-0.664444, 0.540348
0.482206, -0.059840
-0.643969, -0.573482
-0.520031, -0.904453
-0.151962, 0.386375
-0.833804, -0.151340
-0.855075, 0.338387
0.190823, 0.778844
-0.205042, 0.467421
0.779611, -0.085489
0.167467, -0.582112
0.627406, 0.044951
0.379611, -0.130962
-0.381061, 0.609656
-0.861361, -0.639790
0.255805, 0.995841
0.528411, 0.716628
0.383759, -0.410280
0.602416, -0.610068
-0.986631, 0.974824
-0.148693, -0.493208
0.083832, 0.856498
0.347616, 0.756534
0.535896, 0.675736
-0.420907, 0.176745
0.064854, -0.052625
0.654010, 0.526078
-0.604005, 0.475570
0.705469, -0.703056
-0.534795, 0.408434
0.156654, -0.388856
-0.710984, 0.050275
0.155415, 0.110063
0.632033, -0.377687
-0.870676, 0.178896
-0.795026, -0.089213
-0.718733, 0.300054
0.365912, 0.814678
-0.413959, -0.807330
-0.380227, 0.641309
-0.878425, -0.708748
-0.120312, 0.591527
-0.171368, -0.270413
0.298363, 0.191851
-0.798615, 0.463524
0.039672, 0.239373
-0.465593, -0.186669
-0.907421, -0.444913
-0.907641, 0.714578
-0.784957, -0.252587
0.858753, 0.002442
-0.887489, -0.124653
0.543941, -0.210187
0.783309, -0.480406
-0.640991, -0.122189
0.472005, 0.267350
-0.196390, 0.306358
-0.655781, -0.025512
0.783742, 0.451570
0.575357, -0.483459
-0.135749, -0.081481
0.673245, -0.399558
-0.581804, -0.830582
-0.571925, 0.692666
0.711060, 0.698398
0.026259, -0.063488
0.645740, 0.013938
-0.728193, -0.074713
-0.751502, -0.144850
-0.000168, -0.635198
0.593229, 0.655242
-0.684693, -0.827980
-0.772007, -0.067784
-0.937787, 0.954330
0.781894, -0.932879
-0.961115, 0.296755
-0.927598, -0.213615
-0.858083, -0.350937
-0.049386, 0.357527
0.814941, -0.114633
-0.258406, -0.946912
-0.393094, 0.403129
0.322191, -0.306035
-0.425955, 0.062373
0.706683, 0.522983
-0.196215, -0.178799
0.234917, -0.909104
-0.553269, 0.734197
0.838335, -0.151200
-0.297526, -0.975272
0.906463, 0.557491
-0.237381, -0.738418
-0.590003, -0.026395
0.813977, -0.925800
0.102749, -0.168126
0.967149, 0.544124
-0.502230, 0.721125
-0.068930, 0.747775
0.063016, 0.588631
-0.003378, -0.268689
-0.014121, 0.009056
-0.035443, 0.870896
0.249341, -0.753790
-0.834071, -0.328574
-0.800305, -0.538540
-0.492325, -0.519364
-0.985032, -0.222316
-0.463839, 0.550183
0.838217, 0.949360
-0.242922, 0.225555
0.710361, 0.498162
-0.343422, -0.519950
-0.078584, 0.950222
-0.537191, -0.250369
0.322439, 0.088294
0.291092, 0.164868
0.914064, 0.602561
0.769939, 0.563533
-0.737757, -0.163674
0.763147, 0.663356
-0.726984, -0.534164
-0.089971, -0.966174
0.462494, 0.387619
-0.891535, -0.720396
-0.822179, -0.859193
-0.385260, -0.635502
0.774024, 0.490841
-0.200119, 0.059135
0.107967, 0.247238
0.468472, 0.858866
-0.982064, 0.549876
-0.785297, -0.683630
0.085390, 0.188012
0.055312, 0.158817
0.653402, 0.238061
-0.280657, -0.295826
0.687615, 0.972014
-0.961665, -0.080715
0.305981, -0.583682
0.423234, 0.465667
0.846079, -0.269553
-0.780556, 0.137220
-0.191124, -0.923367
-0.373711, 0.244622
-0.192095, 0.413799
-0.840863, 0.766236
-0.240540, -0.904938
0.952838, -0.581896
-0.728468, 0.371223
-0.413759, 0.643323
-0.015852, 0.792846
-0.185237, 0.434934
-0.464962, -0.202839
0.239071, -0.767503
-0.972969, -0.254656
0.130945, -0.590714
0.008026, -0.090865
-0.313912, 0.087442
0.608306, -0.218836
-0.923321, 0.651666
0.971022, -0.306412
0.285436, 0.311137
-0.156901, 0.435082
0.298307, 0.872132
0.221637, 0.192144
-0.789060, 0.350038
-0.407960, -0.970507
0.877095, 0.762150
0.330962, 0.223406
-0.856429, 0.978710
0.464494, -0.322889
-0.177110, 0.654683
-0.336949, 0.531067
0.146473, 0.339002
-0.758496, -0.247966
-0.895801, 0.776605
0.891372, -0.451110
-0.068449, -0.805209
-0.418918, 0.142733
-0.245887, 0.860864
-0.722509, -0.139590
-0.860260, -0.864552
0.682007, -0.227681
-0.015224, -0.279993
0.642228, -0.015257
-0.903567, -0.969143
0.572777, -0.483410
0.477371, 0.910670
-0.294020, 0.648831
-0.072009, -0.776751
0.143612, -0.726416
0.388065, -0.677556
0.860311, 0.608556
0.802449, -0.727334
0.262605, 0.729204
-0.278185, -0.610384
-0.125317, -0.412405
-0.203014, 0.097324
-0.057095, 0.447962
0.553373, 0.186599
0.460421, -0.657648
0.841026, 0.930831
-0.726449, 0.531451
0.555174, 0.819401
-0.859527, 0.628272
0.438359, -0.384819
-0.735039, -0.813482
0.110418, -0.748633
0.538101, 0.594393
0.159054, -0.094646
0.112166, -0.295522
0.133373, -0.271045
0.600409, 0.706702
-0.862309, -0.660875
-0.701349, 0.392014
-0.710380, 0.172167
0.502779, 0.714711
-0.761583, 0.551011
0.230484, -0.847912
-0.159471, 0.324200
-0.655323, 0.279904
0.247460, -0.914362
-0.679934, -0.872608
-0.803740, -0.389420
-0.515989, -0.323946
-0.406224, 0.851276
0.399101, -0.593264
-0.972885, -0.287488
-0.482291, 0.852945
0.602892, 0.112924
-0.573777, 0.356531
0.415441, -0.643986
-0.996523, 0.589195
-0.608014, 0.950258
0.701747, 0.185472
-0.059107, 0.963444
-0.551201, 0.305514
0.728386, 0.002439
0.311822, 0.981540
0.776920, 0.140846
-0.354886, -0.098689
-0.331984, 0.455082
-0.085672, 0.403677
-0.644862, -0.664458
-0.941575, 0.771247
0.291040, 0.906291
-0.296274, 0.492928
-0.789668, -0.511458
-0.214186, 0.302966
-0.833672, -0.161612
-0.990081, -0.308721
0.703512, -0.889481
-0.643559, 0.786147
0.410487, -0.212058
0.236693, -0.995017
-0.595600, 0.981616
-0.766263, -0.674782
0.736969, 0.688028
0.335821, 0.218541
-0.115978, 0.714253
-0.955143, 0.103892
0.199434, 0.782432
-0.806063, 0.835735
0.926528, -0.826564
-0.963907, -0.219907
-0.255332, 0.182008
-0.726144, -0.480443
0.233586, -0.773450
0.971875, 0.558525
-0.904035, -0.971601
0.172060, 0.483994
-0.940750, 0.942828
0.545526, 0.473633
0.933091, 0.010062
0.410363, 0.836354
-0.755375, -0.031314
0.112488, -0.250943
0.842930, 0.838380
-0.721384, 0.007761
0.722735, 0.931024
0.666969, 0.999341
0.289532, -0.225970
0.706189, -0.879799
0.631426, -0.267936
-0.292376, -0.546834
0.107762, 0.125052
0.778825, 0.537435
0.202562, -0.583193
0.617272, 0.124819
-0.157634, -0.479004
-0.788136, -0.966978
-0.451789, 0.662048
-0.112421, -0.717477
0.597711, 0.826037
0.518871, -0.460507
0.118292, -0.622957
-0.991054, -0.981531
-0.843686, -0.503350
0.286177, 0.207972
0.752048, 0.583094
0.261481, -0.166254
0.135876, -0.347030
-0.963725, 0.533558
-0.273343, -0.405037
0.844742, 0.614798
0.570127, -0.279291
0.107439, -0.894460
-0.675690, -0.592454
0.032947, 0.280757
-0.303200, 0.174143
0.215829, -0.323141
0.058934, -0.020334
-0.412246, -0.365868
0.352201, 0.356652
-0.866188, -0.764090
-0.606720, 0.545019
0.686415, 0.819896
-0.824248, -0.903723
0.615283, -0.826130
0.506132, 0.595228
-0.306461, 0.997695
0.603209, 0.986905
-0.643892, -0.734939
0.786329, 0.243569
-0.620931, 0.792438
0.625454, 0.549571
-0.600472, 0.438512
-0.004038, -0.907881
-0.289117, -0.841732
-0.297823, 0.716018
-0.547158, 0.465005
0.233360, 0.523807
-0.636389, -0.619387
-0.878320, -0.458035
0.128938, 0.869573
-0.879610, 0.216741
0.853532, 0.377946
-0.596647, -0.578592
-0.861299, 0.724163
-0.439263, -0.496754
-0.108622, 0.969537
0.528062, -0.555218
0.596027, -0.619259
-0.060422, -0.993452
-0.612616, 0.787474
-0.013250, 0.905399
0.551190, 0.310898
0.916514, 0.500920
0.189738, 0.279581
0.243021, 0.289609
-0.566076, 0.502555
-0.213676, 0.733223
0.665031, 0.577882
-0.214554, 0.933262
-0.529223, 0.839968
-0.555719, 0.343605
0.684376, 0.179328
-0.513601, 0.125528
-0.047201, 0.038545
0.681443, 0.757230
0.425475, 0.744150
0.034378, 0.926633
0.405200, 0.375920
0.444627, -0.139709
-0.429418, 0.245112
0.324637, -0.397600
-0.282169, -0.373434
-0.527484, -0.551165
0.754080, -0.883336
-0.145633, 0.521438
0.577391, -0.636806
-0.954428, 0.683219
-0.087943, -0.095438
0.541547, 0.920993
0.007366, 0.130407
-0.305221, -0.777936
-0.902578, -0.570883
-0.060820, -0.237185
-0.367869, 0.590095
-0.770856, 0.139874
-0.517827, -0.188096
0.940403, 0.053363
0.278269, 0.347066
0.669833, 0.816504
-0.315622, 0.308026
0.299758, 0.205663
0.589060, -0.753880
-0.417145, -0.474931
-0.807850, -0.994306
0.011336, 0.449192
-0.109105, 0.748364
-0.605299, -0.240787
0.627993, 0.640842
0.946855, -0.245909
0.597827, 0.925713
-0.406695, 0.265903
0.789389, 0.245289
-0.299868, -0.697871
-0.939884, -0.766402
-0.240053, -0.294990
-0.381585, -0.775284
-0.013108, 0.009203
0.322217, 0.077137
-0.187866, -0.859522
-0.131162, 0.837521
-0.599444, 0.248007
-0.250607, 0.884898
-0.536481, -0.221223
-0.286730, -0.990508
-0.412118, -0.122331
-0.872579, -0.437195
0.804407, 0.498902
-0.931862, 0.409702
-0.512013, 0.165684
-0.341109, 0.631185
0.215824, -0.945082
-0.756879, -0.192918
-0.323117, 0.559034
-0.309909, -0.802364
0.556164, 0.672149
0.902825, 0.904095
-0.731345, -0.762563
-0.291562, -0.418357
-0.139717, -0.763777
-0.532686, 0.129018
-0.287309, -0.595738
-0.435368, 0.302617
-0.000144, -0.512078
-0.976553, -0.379398
-0.442793, -0.400667
0.189766, -0.654608
0.709649, -0.547055
-0.266558, 0.503938
0.289350, 0.713526
0.766053, -0.306663
-0.804917, -0.299181
0.874597, -0.203347
-0.625518, 0.596724
-0.264627, -0.083745
0.625311, -0.710382
-0.620740, 0.641008
0.710691, 0.315768
0.158212, 0.941086
0.816808, -0.576395
0.236929, -0.968231
0.038455, 0.582880
-0.124359, 0.283309
0.617251, -0.927378
0.994247, 0.656481
0.430400, -0.618526
0.600463, -0.672046
0.445923, -0.476925
-0.133130, 0.975189
0.160075, 0.134343
-0.251573, -0.731833
0.412752, 0.474416
-0.171205, -0.793907
-0.951222, 0.795281
-0.186911, 0.349020
-0.772079, -0.288368
-0.700063, 0.050177
0.690137, 0.528045
0.993478, 0.537932
-0.105091, 0.091576
-0.839753, -0.867254
0.472830, 0.250590
0.922275, -0.123724
-0.868238, 0.700473
0.729716, -0.851734
-0.688871, -0.913845
-0.548097, -0.076920
0.371959, 0.307404
-0.048031, -0.780289
-0.733225, 0.985053
-0.435479, -0.917672
-0.810076, 0.950696
-0.082637, -0.150830
-0.255356, 0.810141
-0.793610, 0.553173
0.917115, -0.092514
-0.756670, 0.727410
0.235619, -0.932056
-0.387140, -0.725397
-0.579067, -0.005064
0.044756, 0.079440
-0.219413, 0.693854
0.543462, -0.862453
0.685197, 0.042348
-0.575196, -0.493661
-0.337666, -0.414377
-0.935150, -0.824398
-0.780445, 0.366208
0.430248, -0.370565
-0.688056, -0.853980
-0.929790, -0.879495
-0.727620, 0.477583
-0.864876, -0.821398
0.013591, -0.053855
0.722510, 0.544806
-0.081756, -0.134610
0.778271, 0.673874
-0.023791, 0.869077
0.358369, -0.633469
-0.100107, 0.253279
-0.536468, -0.089502
0.331512, -0.493295
0.342082, -0.649935
0.462265, -0.535069
-0.699603, -0.043797
-0.102972, -0.768839
0.399936, -0.637597
0.154973, -0.309528
-0.402181, -0.366703
0.542483, -0.081218
-0.822737, 0.208977
-0.012559, 0.668399
0.702416, 0.428861
0.675555, 0.190288
0.487545, -0.842155
0.142390, 0.680199
-0.766150, -0.395170
0.047080, -0.694668
-0.537086, -0.740883
-0.889046, 0.359177
0.060857, 0.409775
0.101833, -0.136916
0.481530, -0.711467
-0.892285, -0.086906
0.074511, 0.635422
0.421985, -0.530400
-0.349633, 0.912862
-0.756947, 0.203179
0.190084, -0.221156
0.595361, 0.396076
-0.077789, -0.083789
0.445027, 0.086331
0.791657, 0.502293
0.329357, -0.403154
-0.844068, -0.337126
-0.330132, 0.666180
0.846036, -0.242569
-0.571297, 0.368966
-0.279250, 0.256469
-0.328778, 0.222112
0.429674, 0.857686
-0.595831, -0.217489
0.174196, -0.074887
0.606901, -0.143883
-0.728809, -0.520894
0.786016, 0.774435
-0.486297, 0.059865
-0.662832, -0.916007
-0.749411, -0.487325
0.893812, 0.430783
0.284331, 0.463157
0.565567, -0.523909
0.133388, -0.452210
0.897573, -0.676707
-0.074898, -0.484359
-0.576509, -0.279663
-0.708112, 0.177524
0.224276, -0.996787
-0.600194, -0.288118
0.223720, 0.389481
0.811950, -0.911301
0.651127, -0.645602
-0.265407, -0.849989
0.572953, -0.454215
0.264821, 0.098515
0.871382, -0.440839
-0.425176, -0.229134
0.438766, 0.215692
0.933207, -0.264832
-0.606315, -0.441366
-0.126062, -0.689020
0.078560, -0.247110
-0.594279, 0.229380
-0.922945, -0.910410
0.245549, 0.984045
-0.717839, -0.644063
0.630398, -0.832371
-0.768991, -0.358258
0.551843, -0.300672
-0.982325, -0.927368
-0.701078, 0.699494
-0.682872, -0.769983
0.667372, 0.057829
-0.553197, 0.175562
-0.287663, 0.769248
-0.499648, -0.086110
-0.095845, -0.212808
-0.632048, -0.651335
0.624626, 0.201296
0.913113, 0.750846
-0.854180, -0.102977
0.270140, -0.817537
0.502912, 0.037576
0.495879, -0.035461
0.347343, -0.190336
0.247725, -0.442181
-0.037131, -0.107970
-0.118815, 0.529008
-0.474653, 0.649023
0.842590, 0.903258
-0.400155, 0.166424
-0.221315, 0.357375
-0.423855, -0.283395
-0.225055, -0.037936
0.278049, -0.471818
0.776454, -0.138079
0.170954, 0.935680
-0.980998, -0.041592
0.490358, 0.691365
-0.928144, -0.874973
0.759220, -0.549708
-0.136286, -0.355196
-0.000456, -0.257139
0.085263, 0.916755
-0.156103, -0.979348
0.826483, -0.662013
0.547739, 0.720315
-0.189428, 0.090738
-0.403109, -0.726774
-0.190593, 0.158663
-0.462995, -0.149512
0.796524, -0.703939
0.117550, -0.374702
-0.732058, 0.842716
0.949232, 0.580936
0.695025, -0.361417
0.710016, -0.565880
0.986105, -0.565971
0.319787, 0.067700
-0.640324, 0.271058
0.736293, -0.590355
-0.911959, 0.733009
-0.303518, 0.044043
-0.072168, 0.727967
0.857769, 0.806433
-0.588266, -0.165587
-0.057199, -0.237480
0.800911, -0.046463
0.706258, 0.133226
0.365770, 0.525973
-0.049702, -0.604038
0.948058, -0.997015
0.387503, -0.156421
-0.728973, -0.230566
0.752003, 0.119465
-0.261546, -0.002648
-0.769937, 0.634074
-0.054161, -0.802063
0.466430, -0.420009
-0.930832, -0.557417
0.712326, 0.070904
0.383761, -0.532711
-0.402314, -0.502553
-0.669735, 0.526439
-0.321639, 0.606512
0.418216, -0.653078
-0.359582, -0.473308
0.844677, -0.628296
0.090022, -0.923164
0.391586, 0.660398
0.619124, -0.114098
-0.171492, 0.879297
0.505742, -0.859112
-0.826036, -0.884112
-0.008191, 0.428745
0.690997, 0.180016
-0.230170, -0.472666
0.316089, -0.613073
0.224354, -0.232902
0.941665, 0.883060
-0.965157, -0.283752
-0.673336, -0.678515
-0.090988, 0.090987
0.068425, 0.983402
-0.511945, -0.188735
0.933660, -0.592415
0.960294, -0.038890
0.074217, -0.244161
-0.802026, -0.481871
-0.305692, -0.558237
0.720977, 0.245386
-0.567336, -0.512338
0.253737, -0.575475
0.638360, 0.562989
-0.225589, -0.367092
0.731958, -0.193422
-0.869125, 0.335094
-0.406713, -0.974685
0.983480, -0.472980
-0.904773, -0.747134
0.444621, 0.448613
0.785823, -0.008422
0.292199, 0.202222
-0.493305, -0.373832
-0.393198, -0.096085
-0.474980, -0.532389
0.419843, -0.411950
-0.297517, -0.253165
-0.901496, 0.935555
0.944623, -0.216419
-0.096985, 0.097966
0.739891, 0.974965
-0.492601, -0.864248
-0.617484, 0.561386
-0.212831, 0.821692
0.412379, 0.976578
0.231495, 0.017467
0.843557, -0.540957
0.148559, -0.494577
-0.775457, 0.644445
-0.446638, 0.576626
0.370781, 0.884078
-0.464245, -0.716651
0.563063, 0.423107
0.883851, -0.340081
-0.730590, -0.847985
0.953012, 0.297244
0.261997, -0.552768
-0.324549, 0.681318
0.788670, 0.920557
-0.012314, 0.047737
0.888408, 0.399966
0.159398, 0.577427
-0.931354, -0.284784
0.534075, 0.825594
-0.921057, 0.070422
-0.876908, -0.166430
-0.339891, 0.332502
0.022368, 0.639058
-0.559828, -0.324586
-0.560207, 0.943673
-0.709087, -0.454639
0.285769, -0.681637
0.749159, 0.013449
-0.922231, 0.266136
0.252211, 0.064602
0.007412, 0.468999
0.853894, -0.930174
-0.945983, 0.134119
0.438187, -0.480022
-0.297520, 0.181073
0.423061, 0.785141
0.982777, 0.696390
-0.812381, 0.660958
0.441981, 0.084414
-0.817286, 0.567279
0.368223, 0.486555
-0.859244, -0.802721
0.809701, -0.897932
-0.377436, -0.155654
0.860248, 0.856861
0.144582, 0.711409
-0.617566, 0.803104
-0.481087, -0.535485
0.490462, -0.894893
0.112557, -0.631755
-0.227919, -0.340993
0.690628, -0.987093
0.473172, 0.499582
-0.720566, -0.190902
0.891105, 0.188327
0.301509, 0.316348
-0.842171, 0.486378
0.652980, -0.151745
0.459358, 0.552614
0.021378, -0.329486
0.125972, -0.611701
-0.954279, -0.446782
0.754922, -0.055164
0.704516, 0.754675
0.891059, -0.344406
-0.534386, 0.460778
0.039697, 0.236915
0.600088, 0.828298
-0.420608, 0.252779
0.413531, 0.093751
-0.556024, 0.895998
-0.840992, -0.253325
0.277743, -0.180556
-0.558035, -0.607000
0.430303, -0.089085
-0.225174, -0.611857
-0.085070, 0.697592
-0.783309, -0.170015
-0.440771, -0.937381
-0.154882, -0.393336
-0.740166, -0.983737
-0.394735, 0.629611
0.116451, 0.925750
0.785520, 0.110275
-0.557104, -0.118255
-0.934246, -0.176998
0.860537, -0.849076
-0.199585, 0.437883
0.163517, -0.033847
0.325366, -0.700019
-0.124426, -0.712858
0.505163, 0.348103
-0.895154, -0.442111
-0.559583, -0.116977
-0.977106, 0.934030
0.474081, -0.919026
-0.854616, 0.776213
-0.260683, -0.559121
-0.755409, -0.213905
-0.263296, 0.363567
0.131132, -0.549527
-0.587889, -0.489484
-0.048065, -0.899575
0.662899, -0.391645
-0.654673, 0.171677
-0.013953, -0.473889
0.679724, -0.309319
0.517427, 0.798315
0.039287, 0.625640
0.761842, 0.129688
-0.743690, 0.365767
0.258642, -0.762981
-0.901035, 0.140952
0.477501, 0.552221
-0.174520, -0.046635
-0.268647, -0.069983
0.060639, -0.307319
-0.413444, 0.999265
0.656849, -0.389728
0.805385, -0.002179
0.009947, 0.195776
-0.965904, 0.229420
-0.600847, 0.914330
-0.124987, -0.195950
0.554822, -0.472450
-0.629322, 0.291996
-0.649734, -0.893643
0.321007, 0.485964
0.461865, -0.102699
-0.035260, -0.324474
0.920693, 0.685428
0.984121, 0.321574
0.550036, -0.650618
-0.225380, -0.451777
-0.160314, 0.319580
-0.648075, -0.020941
-0.474858, 0.019858
0.977055, 0.549727
0.037763, -0.200419
0.831054, 0.129002
0.839211, 0.746667
0.647040, 0.637353
-0.771991, 0.846253
-0.893434, -0.363176
-0.479662, -0.135898
0.475409, -0.938047
0.084009, 0.833987
-0.554921, -0.043646
0.648122, 0.615432
-0.837045, 0.875054
-0.999997, 0.442876
0.533142, -0.389584
0.246455, 0.086178
0.408418, 0.222966
0.888226, 0.823489
-0.679364, -0.806157
0.712280, 0.809084
-0.830324, -0.412914
-0.797140, -0.071913
-0.441199, 0.259807
0.709798, 0.225332
-0.262708, 0.578548
0.065680, -0.640750
-0.176369, 0.131582
0.332485, 0.659069
-0.459730, 0.973067
-0.283343, 0.150945
0.543721, -0.293643
-0.190295, 0.561789
-0.352137, -0.005599
0.258820, 0.333991
0.108706, -0.628265
-0.968643, 0.957081
0.018684, -0.553658
0.479400, -0.229161
0.882392, -0.771370
0.617585, -0.207679
-0.254431, 0.242806
-0.654590, 0.155752
0.817037, 0.895491
0.009480, 0.345241
0.521564, -0.753341
0.686960, 0.970589
-0.977871, -0.756720
-0.922377, -0.044146
0.454502, 0.111643
0.874449, 0.064617
0.068027, 0.542087
0.784917, -0.360874
-0.651210, -0.694783
0.138304, 0.437940
0.016576, -0.632986
0.275228, -0.024211
-0.311857, -0.930350
0.213687, -0.597200
0.396434, 0.816596
-0.563592, -0.835104
0.432968, -0.209010
0.612097, -0.172439
-0.700271, 0.946766
-0.464083, 0.070335
0.542731, -0.992601
-0.973261, 0.273802
-0.846769, -0.451989
-0.411829, 0.747815
-0.727990, -0.659447
0.544517, 0.126292
-0.812753, 0.966325
0.986748, 0.935503
0.168225, 0.214506
0.317634, 0.902213
-0.005931, 0.648936
-0.462127, 0.134377
-0.531265, 0.593532
-0.528580, -0.744815
0.446298, 0.492799
-0.517001, 0.224565
-0.800025, -0.326656
-0.767244, 0.850874
0.871548, 0.776059
0.874052, 0.510651
0.172849, 0.416561
-0.291747, -0.950206
-0.098058, -0.289629
0.002162, -0.689263
0.109038, -0.535815
0.604559, 0.465869
-0.272640, 0.201372
0.369519, -0.776544
-0.799080, -0.057561
0.559177, -0.702421
-0.451469, -0.501473
0.568579, 0.319942
0.620965, 0.115087
-0.150369, -0.205044
-0.310827, 0.669670
-0.973985, -0.708996
0.288634, 0.082493
0.363442, 0.583183
0.794296, 0.644926
-0.269212, 0.990373
-0.644209, 0.708146
-0.283392, -0.659239
0.277074, -0.293109
0.612175, 0.165171
0.060489, 0.125788
-0.747920, 0.900515
0.269359, -0.888951
-0.416392, 0.217834
-0.854281, -0.362192
-0.523193, -0.914774
-0.537909, -0.281530
0.395019, 0.889042
0.915677, -0.391147
-0.254915, 0.219460
0.249261, 0.497660
0.888392, 0.397017
-0.912529, -0.055156
0.523135, 0.860244
0.721178, 0.890967
0.563771, -0.338517
0.126458, 0.432976
-0.785490, -0.685153
-0.067312, 0.304788
-0.639420, 0.407252
-0.159670, 0.180831
0.027777, 0.194990
0.631855, -0.217459
0.478943, 0.911997
-0.906865, 0.623061
0.986836, -0.685356
-0.748955, -0.179255
0.538682, -0.982673
0.676771, -0.453917
0.729748, 0.646104
-0.722154, 0.395699
0.184477, -0.432205
-0.450791, 0.228744
0.031155, -0.117405
0.836310, -0.743946
-0.945203, 0.597011
0.892829, -0.730428
-0.170685, 0.484526
0.282713, -0.031338
-0.050040, -0.348214
0.764289, -0.744783
0.151389, -0.073413
-0.147257, -0.184007
0.484718, -0.681977
0.543281, -0.391451
0.175366, 0.665357
0.437891, -0.541852
0.794906, 0.151610
0.338638, -0.212650
0.237904, -0.673185
-0.687237, 0.278380
0.450521, 0.447729
-0.330770, 0.064145
-0.933867, -0.216564
0.842631, 0.566631
-0.926745, -0.175376
0.735241, 0.376026
0.616243, -0.101417
0.031198, -0.377555
-0.656548, 0.972768
-0.020622, -0.759842
-0.070960, 0.314422
-0.331672, -0.037251
-0.792142, -0.925447
0.221180, -0.375486
-0.063148, -0.243820
0.703597, -0.131495
0.713400, 0.234278
0.738660, -0.851733
-0.375801, -0.973456
0.956849, -0.610305
0.038416, -0.397853
0.630769, 0.710340
0.798057, 0.740817
0.860404, 0.028000
0.760693, -0.957454
0.927909, -0.393654
-0.228116, -0.059169
0.153578, 0.996625
0.340788, 0.861615
-0.871949, 0.811748
-0.968252, 0.141294
0.006401, -0.632740
0.385490, -0.030795
0.632988, -0.156219
0.660903, -0.949986
-0.632350, 0.955615
-0.762245, -0.094472
-0.764127, 0.185485
-0.565818, -0.393150
-0.387133, -0.768747
-0.190882, 0.257110
-0.404211, 0.121059
0.022237, -0.665375
-0.015131, 0.360231
-0.287802, -0.229081
-0.532142, 0.258085
-0.424869, -0.461317
-0.815894, 0.711975
-0.517259, -0.875504
-0.265512, -0.843255
-0.227609, -0.715662
0.627205, -0.366924
0.532727, -0.291481
-0.284366, -0.806049
0.530518, 0.041557
-0.134629, -0.672113
0.799252, -0.840575
0.716383, 0.648561
0.660466, 0.554389
-0.343612, -0.842815
0.725523, -0.776486
-0.566158, 0.476800
-0.832637, -0.632368
-0.314464, -0.181308
-0.415834, -0.707901
-0.240189, 0.353688
-0.343224, -0.278969
0.077331, -0.999199
-0.534948, 0.240686
0.989677, -0.609370
-0.972350, -0.567150
-0.312159, 0.595355
-0.568598, -0.894673
0.261575, 0.098319
-0.886515, -0.488508
-0.245824, -0.596622
-0.094448, 0.426138
-0.246781, 0.218084
0.532280, -0.550107
-0.885688, -0.964277
-0.795461, -0.946778
0.740093, 0.585453
0.481447, -0.661776
-0.656793, 0.538825
-0.167082, -0.724163
0.532163, 0.579992
-0.125659, 0.250231
0.412878, 0.176175
-0.817634, 0.317844
-0.345620, 0.304634
-0.661221, -0.493172
-0.983885, -0.922011
-0.833903, -0.766153
0.063264, 0.297124
0.303353, -0.165663
0.602296, -0.486014
0.143111, 0.126233
0.127806, 0.971853
-0.091465, 0.149327
0.724373, -0.423886
0.059661, -0.331697
0.844730, -0.773583
-0.406850, -0.778627
-0.282906, -0.068263
-0.860134, -0.546602
0.132401, 0.902601
-0.836847, -0.842286
0.943889, 0.489665
0.185125, 0.206102
-0.889164, 0.581334
0.208268, -0.367720
-0.810777, 0.325266
0.767831, -0.675924
-0.462900, 0.081295
0.707651, -0.840528
-0.252712, -0.799856
-0.667477, 0.115154
0.986061, 0.501905
-0.772934, 0.281179
0.903293, -0.764784
-0.388544, 0.296523
-0.165119, 0.858113
-0.017292, 0.453615
0.529796, -0.145703
-0.489320, -0.046298
-0.584195, 0.073182
0.087524, -0.594008
-0.778619, -0.987621
-0.381041, -0.067479
0.519241, 0.147376
0.548449, 0.422910
-0.560153, 0.976161
-0.972780, -0.266255
0.843793, -0.900881
-0.391043, -0.879973
-0.420635, -0.845766
-0.940299, -0.997504
-0.713584, 0.824531
0.226323, 0.318951
0.952893, -0.984138
-0.495374, 0.604591
-0.318141, -0.297891
0.923859, -0.319339
-0.804927, -0.854573
-0.165560, -0.596570
0.791435, 0.493250
0.030927, 0.563171
0.952568, -0.045821
0.083485, -0.626939
-0.561747, 0.652265
-0.829239, 0.881394
-0.913952, 0.091802
0.321518, 0.940992
0.304313, 0.707285
-0.344885, 0.571370
-0.378901, -0.571558
-0.705284, -0.749734
0.017656, 0.073689
0.409710, -0.076208
0.434023, -0.613562
0.309579, 0.740018
0.836881, 0.854009
0.001123, -0.154612
-0.972075, -0.836343
-0.596002, -0.216162
-0.550519, 0.961810
-0.305557, -0.253607
-0.556363, -0.243046
-0.009234, -0.041568
-0.019155, -0.260088
-0.750832, 0.018868
-0.481016, 0.618894
-0.789650, -0.004725
0.851852, -0.946590
0.004946, -0.960667
-0.708330, 0.729230
-0.849720, 0.124046
-0.543430, 0.657377
0.419818, 0.205125
0.553722, 0.721446
-0.851526, -0.474401
-0.334406, -0.815340
-0.901863, -0.161958
0.139489, 0.880435
-0.497069, -0.440135
-0.995418, 0.736300
-0.093823, -0.077941
0.170547, -0.363838
-0.321385, -0.639433
0.140707, -0.337790
-0.385064, -0.868767
-0.358746, 0.437240
0.913459, -0.613501
0.854665, -0.039827
-0.065052, -0.487947
0.034958, 0.364606
-0.724058, 0.004369
0.167365, 0.100921
-0.486203, -0.103410
-0.646226, 0.921406
0.837538, -0.754710
-0.449207, 0.565961
0.615348, 0.353660
-0.785671, -0.769691
0.916788, 0.965581
0.645766, -0.564112
0.027387, 0.994410
-0.799464, -0.102337
0.643832, -0.321410
0.127709, 0.284200
0.331604, 0.212888
-0.634887, -0.902490
0.974025, 0.641490
-0.202448, 0.528908
0.470616, -0.523125
0.064873, -0.220127
0.391653, -0.702179
0.083078, 0.608488
0.799276, 0.071250
0.936268, -0.372322
-0.206187, 0.081891
0.482533, -0.699572
0.013206, 0.709096
0.221586, 0.856009
0.965620, 0.258367
0.452668, 0.498549
-0.693791, -0.545173
0.694135, -0.271473
0.881457, -0.788425
0.733606, -0.255400
0.664028, -0.615227
-0.624328, 0.126460
0.425459, 0.317579
0.362504, 0.254371
0.412459, 0.496435
0.675817, -0.725519
0.688085, -0.184085
0.097985, -0.979145
0.898846, 0.679874
-0.804313, -0.668443
0.489050, 0.371400
0.357310, -0.089038
0.651991, -0.879210
-0.849755, 0.318138
-0.647574, -0.733268
0.591665, 0.399516
-0.804669, -0.473564
-0.176248, -0.112790
0.378542, -0.394109
0.422528, -0.884033
-0.497991, 0.980242
0.606415, -0.776538
0.620428, -0.263611
-0.383949, -0.067627
0.213896, -0.164879
0.582066, -0.646488
-0.192397, 0.908639
0.580851, 0.478843
-0.603705, -0.541534
-0.334485, -0.488199
0.764381, 0.607669
-0.022706, -0.331994
-0.852410, -0.481086
-0.644670, -0.792690
-0.692496, 0.578979
-0.071420, 0.422109
-0.276115, -0.728884
0.082689, -0.186951
0.343774, 0.271377
-0.222497, 0.327393
-0.213530, -0.351904
-0.522356, 0.528605
0.051755, -0.240623
0.432958, -0.508529
0.840724, -0.578016
0.334833, 0.224389
-0.685844, 0.485841
-0.663678, -0.867299
-0.050302, -0.914861
-0.357721, 0.582821
-0.848191, -0.898563
-0.547052, 0.889806
0.355357, 0.826031
-0.989969, -0.319780
-0.500923, -0.322127
0.547098, -0.074239
0.355763, -0.005778
0.266892, 0.173616
0.755544, -0.169339
0.477279, 0.073651
0.778077, 0.902371
0.747297, 0.979486
0.755199, 0.510746
0.538021, 0.039985
-0.441702, 0.638751
-0.838521, -0.267677
0.702719, 0.371356
-0.883763, 0.528842
0.579229, -0.618080
-0.231717, -0.516556
0.386548, 0.460408
0.038573, 0.909382
-0.307911, -0.910886
-0.073691, -0.051154
-0.744712, 0.850579
-0.441781, -0.342473
-0.221001, 0.511803
-0.148798, 0.486886
-0.151676, 0.586562
0.165417, -0.514531
0.798841, 0.617009
0.101679, -0.083588
-0.662423, 0.993361
0.146214, 0.156902
-0.709347, -0.780748
-0.831778, 0.736845
0.668830, 0.759245
0.630485, -0.503855
-0.374909, -0.816521
-0.668545, -0.324736
-0.264250, -0.968440
-0.411959, 0.616684
0.599503, 0.035071
-0.846410, 0.445682
-0.180495, -0.654567
-0.445920, 0.794015
-0.746508, 0.090037
-0.488869, 0.574168
-0.796901, 0.434919
0.022501, -0.024365
-0.039917, -0.899575
-0.162058, -0.835782
0.080766, -0.975263
-0.817816, 0.002254
-0.464589, 0.904602
0.302282, 0.414795
0.067316, -0.063684
0.904704, 0.704891
0.287104, -0.287653
-0.436881, 0.300995
-0.360165, -0.082174
0.282965, -0.366686
0.466222, -0.088445
0.507488, 0.992604
-0.063889, 0.166924
-0.246581, -0.303837
-0.578447, -0.375604
0.370079, -0.694660
-0.374797, 0.750372
-0.293023, 0.231894
-0.484831, -0.212719
0.311231, 0.738642
0.138820, 0.103673
0.246763, 0.345148
-0.113331, 0.749150
-0.938684, -0.172722
-0.154018, 0.560611
0.721354, 0.167336
-0.191435, 0.821398
0.330439, -0.405562
0.894286, -0.286459
-0.435691, -0.211489
0.541325, 0.361178
-0.435451, -0.922292
0.253106, 0.118617
-0.819304, 0.883950
0.869127, 0.367133
0.520827, -0.002383
0.938817, 0.989174
-0.503585, -0.157918
-0.143020, -0.421302
-0.113184, -0.284813
0.563292, -0.195737
0.359597, 0.941632
0.697335, 0.212602
0.336388, -0.579651
0.577269, -0.197751
0.676920, -0.294033
0.997206, 0.721850
-0.640746, -0.189967
0.982912, 0.248194
-0.632377, 0.144596
0.038662, 0.806315
0.942765, 0.733743
0.315498, 0.484047
-0.479068, -0.275532
0.478939, -0.762435
0.497382, 0.447975
0.004793, 0.948602
-0.840950, 0.528990
-0.337192, -0.453156
0.034281, 0.461087
-0.969429, 0.432015
-0.384647, -0.532190
-0.146682, -0.571848
0.872147, 0.683313
-0.616082, 0.874764
0.768188, -0.133803
-0.697923, 0.591217
0.524688, -0.405902
-0.221849, 0.085724
-0.738998, -0.006591
0.902256, 0.159182
0.063182, 0.078801
0.187515, 0.489892
0.497255, -0.149046
-0.878226, -0.210861
-0.516334, 0.696943
0.679148, 0.826629
0.132943, -0.625905
0.052096, -0.813561
-0.065407, -0.622814
-0.573673, -0.069597
0.977112, -0.440787
0.877586, 0.142814
-0.659271, 0.194531
0.403747, 0.434654
0.702494, 0.750644
-0.006663, -0.632888
-0.919443, 0.368711
-0.296639, -0.484316
-0.592572, 0.630835
-0.154645, 0.550338
-0.592726, 0.677822
0.159817, 0.283021
-0.079811, 0.752591
0.026959, -0.200370
0.351223, 0.481050
-0.079637, -0.545010
0.963525, 0.898985
0.438039, -0.765483
0.070485, 0.154934
0.586565, -0.358815
0.543741, -0.018012
-0.049297, -0.604923
-0.216821, -0.531891
0.991026, 0.616915
0.311894, 0.295754
0.106481, -0.918052
-0.348088, 0.420234
0.291279, -0.916081
0.224716, 0.220504
0.946425, -0.360723
-0.124678, -0.609103
0.885206, 0.065748
0.234094, 0.284104
-0.529332, -0.768112
-0.540557, -0.103805
-0.320530, -0.871862
-0.798451, 0.466522
0.769384, 0.896768
0.893823, -0.751120
-0.686487, 0.921602
-0.283399, 0.938863
-0.694995, -0.607544
0.771048, 0.726415
-0.602560, 0.953994
0.973480, 0.126794
0.762704, 0.331350
0.175799, -0.549329
0.306390, -0.904334
0.395069, -0.883738
0.151359, -0.376863
0.652134, 0.566971
0.125806, 0.122349
-0.762342, 0.777886
-0.384607, 0.245408
0.698672, -0.931308
-0.643512, -0.170454
-0.217298, -0.304721
0.979385, -0.814816
0.324320, 0.627662
0.589123, 0.694463
0.643006, 0.092086
-0.915283, 0.692755
0.234580, 0.801208
-0.341089, -0.983973
0.277757, -0.125361
-0.795496, -0.024631
0.834861, -0.847750
0.699867, -0.372377
0.018732, 0.479174
0.948974, -0.275399
-0.584222, -0.872900
0.622503, 0.326333
0.575619, 0.380741
0.043017, 0.574770
0.940715, -0.088679
-0.502180, -0.942986
-0.912938, 0.786730
-0.009738, 0.214993
-0.750234, -0.789252
0.913108, 0.969857
0.810285, -0.312019
-0.890238, -0.406084
0.817317, -0.086520
-0.852892, -0.239613
0.428733, -0.394845
0.788707, -0.503851
0.256741, -0.464298
0.031255, 0.798647
-0.664842, -0.699158
-0.911990, -0.275789
0.282148, 0.773685
-0.023048, 0.641367
0.082061, -0.368657
-0.661900, 0.710161
-0.578176, -0.551363
0.386165, 0.334388
0.727815, -0.711313
-0.186351, -0.278130
-0.921952, 0.478561
-0.022083, -0.603399
0.669861, 0.883102
-0.759042, -0.514161
0.617272, 0.527355
0.459000, -0.490146
0.622098, -0.899362
0.087811, -0.111063
0.013659, 0.698037
0.647734, -0.697553
-0.371077, -0.910495
0.885224, -0.372913
-0.739401, -0.972236
0.222319, -0.219878
0.954080, 0.089292
0.529532, 0.894649
0.495398, -0.821168
-0.014824, 0.237258
0.378474, 0.253635
-0.156543, 0.341993
0.341706, -0.552913
-0.110852, 0.191301
0.418829, 0.686841
-0.725585, 0.482498
0.746215, -0.034718
0.483916, 0.443404
-0.497567, 0.978031
0.330438, 0.483408
-0.295880, -0.354560
0.490125, -0.451268
-0.936016, -0.343862
0.171920, -0.882564
-0.522771, -0.744962
0.700302, 0.868210
-0.626868, 0.160766
0.242669, 0.952393
-0.484273, 0.150399
0.170638, -0.577197
-0.992893, -0.904759
-0.907910, 0.671375
-0.643537, 0.783738
-0.701862, 0.659241
-0.894877, -0.690759
-0.860738, -0.839436
0.272098, 0.331682
0.274089, -0.302202
-0.511844, 0.700384
-0.913735, -0.465163
0.855179, -0.228463
-0.666295, 0.424208
0.208361, 0.599595
0.021374, 0.108978
-0.188413, -0.780686
0.767597, 0.578720
-0.394474, 0.552642
0.616740, -0.443352
0.649747, -0.118864
0.301408, 0.969302
-0.661830, 0.362574
-0.583168, 0.302613
0.080470, -0.781220
-0.456606, -0.039564
-0.930863, -0.712091
-0.959905, 0.813810
0.658794, -0.985521
-0.868022, -0.852510
0.535106, -0.092474
0.812117, 0.011190
-0.746592, 0.168234
0.272770, -0.853613
-0.864175, -0.967275
0.996337, 0.488634
-0.802249, 0.433395
-0.547902, 0.364051
0.567584, 0.232505
-0.782918, -0.384898
0.201417, 0.961632
0.006701, -0.470202
0.669916, 0.165909
0.794416, -0.295800
0.285858, -0.159520
0.819397, -0.398768
0.213048, 0.370803
-0.525000, 0.830777
0.877523, 0.169011
0.480560, -0.359260
0.993589, 0.422430
-0.868779, 0.615690
-0.985570, -0.893799
0.607507, 0.646936
0.584644, 0.157503
0.248473, -0.172988
-0.861539, 0.340796
0.281045, -0.252905
-0.445680, -0.232280
0.285013, -0.129293
-0.105624, -0.780979
0.190633, -0.568546
-0.655352, 0.722940
-0.952078, -0.107599
-0.603008, -0.488452
0.508692, -0.138380
-0.727631, -0.824295
0.093895, 0.729593
0.994707, 0.262841
0.400008, 0.110020
-0.102830, 0.610351
-0.756843, -0.861846
0.669747, 0.027406
-0.557910, 0.817260
0.531153, -0.977562
-0.080588, -0.856226
-0.507551, 0.206970
0.068682, 0.204821
-0.042979, 0.296827
0.465389, 0.591049
-0.720762, -0.906719
-0.376090, 0.215476
0.223112, -0.360691
-0.892812, 0.339320
-0.391712, -0.818438
0.622323, -0.049417
-0.955450, -0.970177
0.585898, 0.286717
0.796943, 0.830712
-0.543846, 0.696402
0.478145, -0.714465
-0.133060, 0.175474
-0.971009, -0.997848
-0.178816, -0.829344
0.408760, -0.907625
-0.296735, 0.756272
-0.663524, 0.722743
0.626045, -0.630907
0.527009, 0.488721
-0.840790, 0.528351
-0.145942, 0.040902
0.897462, 0.806237
-0.851634, -0.990965
-0.932487, 0.783485
-0.833589, 0.710353
0.649494, -0.930965
-0.652656, 0.693843
-0.215108, -0.381640
-0.791717, 0.320548
-0.418174, 0.923722
-0.710755, -0.858748
-0.704730, -0.552742
0.547774, 0.591101
-0.133473, -0.480871
-0.046360, 0.196709
0.564253, 0.993195
0.271331, 0.081215
-0.167524, 0.485362
-0.232732, 0.606514
0.123570, -0.838871
0.176881, -0.216192
0.529039, -0.893270
0.329286, -0.868012
-0.793208, 0.791844
-0.600610, 0.252627
-0.082401, -0.546632
-0.041968, 0.438919
-0.368813, -0.288358
0.526139, -0.247787
-0.817749, -0.860717
0.454388, -0.380051
0.264052, -0.553406
-0.185615, 0.281390
0.055442, 0.440838
-0.965185, -0.473814
0.586076, 0.183995
0.678272, 0.096019
0.340884, -0.291928
-0.864623, 0.731929
0.428390, 0.228766
-0.202219, -0.468733
-0.505806, 0.773027
-0.232709, -0.798184
-0.516086, 0.096284
0.847203, 0.925031
0.042042, -0.113325
-0.048835, 0.257015
0.110274, 0.275254
0.312139, 0.769262
-0.139617, -0.948236
-0.143333, 0.202948
0.499409, 0.966849
-0.022079, -0.586049
0.470772, -0.942077
0.018482, 0.139205
-0.896933, -0.437393
-0.090695, -0.509770
0.551493, 0.911262
-0.758010, 0.854216
0.503936, 0.536642
0.842029, -0.367213
0.950414, -0.691648
-0.023064, -0.272670
0.037708, 0.948849
0.599656, -0.086820
-0.014701, 0.683439
-0.625442, -0.713214
0.424653, 0.981395
-0.883859, -0.536036
0.730034, -0.511126
0.719507, 0.006813
-0.256374, -0.324185
-0.683307, -0.906374
-0.217101, 0.366763
0.277456, -0.790652
-0.894753, -0.272004
-0.389552, 0.170749
0.290714, -0.154851
0.283210, -0.776841
-0.227404, -0.145574
-0.918111, -0.040755
-0.714074, -0.289202
-0.433364, 0.394478
-0.055574, -0.968090
0.299795, 0.067454
-0.077722, 0.749888
-0.233711, 0.807438
-0.234177, -0.704947
0.096768, 0.368835
0.690465, -0.816003
-0.383793, -0.133635
0.274680, 0.186002
0.492399, 0.771626
-0.106541, 0.190367
-0.795789, 0.134024
0.127715, -0.769963
0.727820, 0.468771
-0.505287, -0.047183
-0.017067, 0.342340
0.004025, 0.986202
0.872801, -0.729642
0.612242, -0.511571
-0.065242, 0.847844
-0.186189, 0.667117
-0.512515, -0.915167
-0.647683, 0.203624
0.210254, -0.039253
-0.290981, -0.883313
-0.430584, 0.868576
0.770820, 0.141878
0.432849, -0.312864
0.998577, 0.976052
-0.673472, -0.427606
-0.307580, 0.541635
-0.761777, -0.564195
0.706463, -0.751715
0.423881, 0.860782
0.222092, 0.039682
0.829574, 0.843884
-0.622896, 0.511695
-0.496607, 0.588519
0.483560, -0.471714
-0.173752, 0.492931
0.507608, -0.836552
-0.318029, -0.953106
-0.902921, 0.244756
0.444506, -0.184976
-0.810742, -0.684466
0.736066, 0.783428
0.335479, -0.530059
0.071840, 0.788671
0.294512, 0.776192
-0.688902, -0.243934
0.816348, 0.665569
-0.531537, 0.306104
-0.752054, 0.180964
-0.911422, 0.881687
-0.993729, -0.087007
0.311546, 0.666736
-0.149482, 0.899989
0.106433, 0.770830
0.839665, 0.451768
-0.721118, -0.888582
0.904713, -0.245369
0.241950, 0.049709
0.223324, 0.906732
-0.589832, 0.973064
0.628644, 0.051979
-0.966798, 0.261908
0.161617, 0.549707
-0.768758, -0.002759
0.949952, -0.816586
0.749519, 0.945917
0.554865, 0.926056
0.852566, 0.037928
0.515356, 0.102797
-0.302755, 0.354178
-0.397110, -0.214142
0.575027, 0.287159
0.933919, 0.491287
0.982178, 0.513750
-0.394440, 0.287332
0.227487, 0.937402
-0.576281, 0.399831
0.914342, -0.542430
0.938086, -0.130162
-0.170075, 0.079828
-0.993160, 0.806682
-0.954604, -0.182700
0.005386, 0.734604
0.309376, 0.636804
0.950018, 0.592683
0.380883, -0.387130
0.063806, 0.373994
-0.702849, -0.124697
0.744342, -0.856452
0.927541, 0.257727
0.059646, 0.993231
0.624935, 0.605847
-0.262035, -0.645280
-0.500747, 0.755874
-0.245945, -0.903561
-0.285516, -0.501469
0.826782, -0.735296
-0.632586, 0.913002
-0.839277, 0.302066
-0.529183, -0.391920
-0.611757, -0.045908
0.571151, -0.124715
-0.931473, 0.745099
0.095907, -0.021709
0.634531, 0.139908
-0.679234, -0.199159
0.675346, 0.104030
-0.133121, 0.678570
-0.361341, 0.505017
0.947423, -0.205803
-0.409800, 0.024774
0.328130, -0.117545
-0.268495, -0.258325
0.760634, -0.136261
0.577020, -0.817873
-0.602861, -0.408731
-0.618014, -0.140816
0.507900, -0.731421
0.379389, 0.957852
-0.751148, -0.405638
0.534040, -0.255946
0.813279, 0.617550
0.463659, -0.573995
-0.181194, 0.683582
-0.843087, 0.321333
0.310053, 0.594142
0.065905, 0.143777
0.827933, -0.727038
-0.429742, -0.285852
-0.756150, 0.406266
-0.094340, 0.239468
0.318103, 0.588637
-0.286099, -0.256998
0.917222, -0.474898
-0.048469, -0.938797
0.219710, -0.824026
-0.871943, -0.065673
-0.518136, 0.373833
0.138396, -0.492906
0.048798, -0.902178
-0.610655, -0.828322
0.310756, 0.698831
-0.044871, 0.768959
-0.374139, -0.401500
0.922452, -0.974505
0.832116, -0.118958
-0.857382, -0.060512
0.616476, 0.883985
-0.211421, -0.863454
-0.070638, 0.337375
0.393948, -0.940408
-0.956801, 0.002987
-0.659261, -0.663426
0.835302, 0.832728
0.453875, -0.399809
-0.074559, 0.553387
-0.607714, -0.476754
0.324295, 0.372133
0.074129, -0.298865
-0.303818, -0.043050
0.497859, 0.522585
-0.565755, 0.345620
0.098237, -0.204497
0.425995, 0.940552
0.782948, 0.083832
0.066457, -0.794540
0.002795, -0.242787
-0.537706, -0.774993
-0.011532, -0.846296
-0.035854, 0.229295
0.615718, 0.519442
-0.579590, 0.281823
-0.870422, 0.807374
-0.437071, 0.275683
-0.499303, 0.174973
-0.478112, -0.153788
0.990975, 0.152303
-0.568442, 0.248500
0.352165, 0.444728
-0.709489, -0.226929
0.192661, 0.932633
0.783598, -0.751909
-0.393243, -0.349746
0.121750, -0.358777
-0.201281, -0.267072
0.331590, 0.942172
-0.968817, 0.547468
-0.222808, 0.387651
-0.829118, 0.974680
-0.203073, 0.989735
0.085413, 0.033633
-0.767192, -0.876050
0.434287, 0.911652
0.732945, -0.531081
-0.601152, 0.479109
0.521517, -0.593359
0.803590, -0.951604
0.826415, -0.846767
0.210504, -0.054342
-0.732778, -0.703583
-0.964891, -0.704228
0.799201, 0.134555
0.790268, 0.552229
-0.929726, -0.927858
0.147988, -0.942970
0.896546, -0.597527
0.070207, -0.254286
-0.997074, 0.348902
-0.927977, 0.551351
-0.822419, 0.238319
-0.923384, -0.406281
-0.555041, -0.867100
-0.442196, -0.230658
0.510626, -0.368942
0.254592, -0.131555
-0.791874, -0.663282
-0.077744, 0.522816
-0.044529, -0.095732
0.611701, -0.489258
-0.040121, 0.801496
0.094395, 0.866131
-0.737002, 0.607141
-0.069648, -0.617064
0.742503, -0.633017
0.211166, -0.566334
0.922016, 0.255516
0.227939, 0.140292
0.241354, 0.784989
0.333930, 0.660593
0.338444, -0.253739
0.477760, -0.561904
-0.189847, 0.478530
-0.776694, 0.220086
-0.980561, 0.259892
0.524840, 0.481988
0.422550, 0.262581
-0.992635, -0.103816
-0.679083, -0.824834
-0.487054, 0.223927
-0.871176, 0.273952
0.040379, -0.410927
0.878477, 0.563536
-0.294393, 0.468845
0.280807, 0.054822
-0.774720, 0.059661
0.452762, 0.581121
-0.310417, -0.711928
0.495797, -0.023764
-0.844704, 0.458854
-0.765754, 0.790567
0.392731, -0.601128
-0.976623, 0.491535
-0.818312, 0.741416
-0.828810, 0.729816
-0.540902, -0.458272
-0.416222, -0.915116
0.875610, 0.587619
-0.297663, -0.192563
-0.968526, 0.967059
0.975592, 0.208186
-0.674565, 0.260785
-0.169708, 0.059431
0.079599, -0.292180
-0.960158, 0.530855
-0.134819, 0.745463
-0.025857, -0.574597
0.191413, -0.702332
-0.494124, 0.475868
0.602986, 0.583779
-0.836842, 0.205389
0.540177, 0.692644
0.385086, 0.362059
-0.488141, -0.586060
-0.741692, 0.062562
-0.048618, 0.544148
-0.515979, -0.872751
0.164007, -0.746027
0.857800, -0.751367
-0.761296, -0.916451
-0.467779, 0.835055
-0.919380, 0.608414
0.734331, 0.048935
-0.160827, 0.890159
0.765144, -0.889627
-0.850771, 0.704749
-0.009607, -0.096517
-0.302427, 0.560115
-0.719945, -0.881161
0.175111, -0.543972
-0.770500, -0.901215
-0.873143, 0.283929
-0.745167, -0.465699
0.280562, -0.839162
-0.768761, 0.108074
0.872761, -0.944869
0.993196, -0.112319
0.128154, 0.602985
0.345026, 0.322001
-0.888287, -0.718135
-0.705723, -0.677140
-0.104369, 0.181766
0.676548, 0.503027
0.275509, -0.435398
0.774192, 0.487449
0.166038, 0.888054
0.560181, -0.092817
0.926715, 0.358386
0.517547, -0.622505
0.942741, -0.495147
-0.764550, -0.500792
-0.881308, 0.394958
-0.709520, -0.724520
-0.684728, -0.324196
-0.736851, 0.507957
0.747248, -0.443201
0.752161, 0.512417
-0.354430, 0.411977
-0.288219, -0.987707
0.835751, -0.743553
0.205206, -0.142025
-0.567232, -0.286937
0.158618, -0.329680
0.209399, -0.019445
-0.652733, 0.349893
0.482548, 0.467193
0.966536, -0.678672
0.506197, -0.247149
0.417175, -0.341567
0.177723, -0.833562
-0.115992, -0.621341
0.759115, -0.483897
0.474004, -0.589281
-0.829190, -0.358014
0.843236, 0.093959
-0.692267, 0.423322
-0.388285, -0.251004
-0.593083, -0.595500
-0.163878, -0.242250
-0.015404, 0.941721
0.494525, 0.644967
0.229080, 0.675188
-0.110595, -0.790907
0.309623, -0.865457
-0.952960, 0.671227
0.694616, -0.366283
-0.844096, 0.814943
-0.955513, -0.486052
-0.607218, -0.270522
0.728048, 0.553702
-0.995720, -0.773087
0.966834, -0.346764
0.123659, -0.113127
0.825291, -0.590550
-0.576578, 0.206132
-0.077384, -0.638100
0.954608, 0.579954
0.509140, 0.408803
0.207709, -0.606834
0.514449, -0.437456
-0.381359, -0.578489
-0.401453, -0.777791
0.779916, -0.445314
-0.810288, -0.170606
0.961607, -0.745122
-0.289498, -0.789486
0.803252, -0.755398
-0.768830, -0.583659
0.359638, 0.248375
-0.296862, -0.140415
-0.783827, -0.411291
0.840910, -0.005029
0.080520, -0.215310
-0.376823, -0.006976
0.087945, -0.189949
-0.255560, 0.137183
-0.627644, 0.212717
0.863433, -0.620334
0.315557, 0.283811
0.330324, 0.110411
-0.083949, -0.956099
0.660117, -0.567109
-0.423062, 0.969087
0.732622, 0.223613
-0.618401, -0.662983
0.944063, -0.512497
-0.002082, -0.701403
-0.376320, 0.764183
0.255218, 0.271227
0.236823, 0.823276
-0.422200, 0.262806
-0.960507, -0.683487
-0.691603, 0.534892
0.084196, 0.765964
0.928228, -0.428697
-0.912098, 0.933835
0.791777, 0.391952
0.462063, 0.456920
-0.839277, -0.239219
0.227822, -0.380892
0.747502, 0.009615
-0.942535, 0.824181
-0.525655, -0.166175
0.311700, -0.472849
0.148050, -0.802451
0.908599, -0.058895
0.079322, 0.176462
-0.637228, -0.744867
0.304102, -0.622412
-0.240494, -0.003974
-0.661739, -0.694341
-0.094137, -0.022402
-0.984753, 0.875885
-0.110077, -0.100157
-0.027118, 0.235882
0.785455, 0.003030
0.318672, -0.767206
-0.279449, 0.878065
-0.020477, 0.147658
0.020788, 0.225807
0.178931, -0.605065
-0.863617, 0.547519
-0.345398, -0.830085
-0.440160, 0.544482
0.287253, 0.476821
0.845480, 0.374505
0.854589, -0.246108
-0.742285, 0.437476
-0.588021, 0.410792
-0.923946, -0.253377
0.306148, 0.261792
-0.008842, -0.740772
0.610361, -0.313400
0.737030, 0.305742
0.729008, 0.722875
0.023278, 0.291913
0.888846, 0.705136
0.554312, 0.387719
-0.702807, -0.450265
-0.700951, 0.860754
0.517656, 0.367272
0.650228, -0.056985
0.825720, 0.565697
0.844571, -0.315557
-0.931671, 0.762105
-0.610695, -0.093927
-0.907701, -0.913703
-0.080786, -0.710497
0.510191, 0.143051
0.353521, 0.162068
-0.336274, 0.953214
-0.528378, -0.179446
0.361271, 0.732107
0.128224, 0.304990
0.849494, -0.826714
-0.982666, -0.919455
0.389828, 0.821511
0.406057, 0.348150
0.262920, 0.769654
-0.285744, 0.230272
-0.367596, -0.010908
0.643409, -0.756041
0.719946, -0.921477
-0.056356, -0.474480
0.787951, 0.239981
0.897586, 0.796604
0.657924, 0.036351
-0.850693, -0.255980
0.604446, -0.915828
0.127851, -0.415741
-0.040061, -0.022351
0.264131, -0.662126
-0.009988, -0.515371
-0.130229, -0.957574
0.241700, 0.187721
-0.151496, 0.724918
0.051832, 0.803415
-0.591308, 0.615353
-0.239406, -0.025453
-0.370109, -0.416442
-0.158066, 0.986247
0.249844, -0.521804
0.270736, 0.134346
-0.106802, 0.259422
-0.017567, -0.497972
-0.298086, 0.649519
-0.213519, -0.252868
-0.969348, 0.954230
-0.670469, 0.768255
-0.248167, 0.745952
0.922314, -0.950962
-0.127114, 0.290534
0.868585, 0.968185
-0.784143, -0.044978
-0.173840, -0.875397
-0.583244, -0.436500
0.882355, 0.118092
-0.352880, 0.287530
0.487564, 0.068687
0.004965, -0.551545
-0.481307, -0.485991
-0.397741, 0.137032
-0.087795, 0.608386
0.233153, 0.938188
0.377247, 0.961292
0.839073, 0.431519
0.843709, -0.971460
0.842218, -0.299681
0.878147, -0.990824
-0.806378, -0.965209
0.759271, 0.356465
0.967502, -0.275349
-0.833898, -0.919746
0.351235, 0.505674
0.798197, -0.043514
0.733519, -0.266852
-0.869889, -0.151242
-0.135046, -0.047469
0.069698, 0.177494
-0.032186, -0.376229
-0.916016, -0.247184
0.803144, 0.968085
0.458896, -0.999386
0.922910, 0.882469
-0.469827, 0.548610
-0.856369, -0.734600
-0.354259, 0.111525
-0.800163, -0.037213
0.444327, -0.760175
-0.380897, 0.051856
0.821947, 0.006766
0.973476, 0.170635
0.553173, 0.174606
-0.950982, -0.781786
0.700223, 0.110666
0.372857, 0.961734
-0.042871, -0.205336
0.350013, 0.984834
-0.772044, 0.225001
-0.201666, -0.547127
0.952119, -0.719073
-0.395046, -0.900223
0.838360, 0.280531
0.270743, 0.032950
-0.950189, 0.561427
-0.045294, 0.403973
0.531591, 0.373760
-0.447319, 0.984421
0.266584, -0.836607
0.914540, -0.694499
-0.621241, -0.038388
-0.980497, -0.046458
-0.048865, -0.916925
-0.276039, -0.950992
-0.201706, 0.904756
-0.970069, -0.327741
-0.593695, -0.566403
0.841604, 0.848407
-0.382746, 0.025365
0.843658, 0.774436
-0.917736, -0.375169
0.214388, 0.951458
-0.399064, -0.625869
0.082184, 0.758100
0.204164, -0.305841
0.680139, -0.674894
0.697543, -0.317870
0.859608, -0.080670
-0.297645, 0.633349
-0.861796, -0.286060
-0.075035, -0.732516
-0.247500, 0.139985
0.276555, 0.205809
-0.824687, -0.962506
0.587762, -0.678829
-0.701832, 0.691532
-0.405404, 0.530181
-0.437258, 0.771554
0.978551, 0.581134
0.213060, 0.665014
0.884067, -0.668598
0.546957, -0.052761
-0.962025, 0.269330
-0.467384, 0.752532
-0.014386, 0.679065
-0.780780, 0.073325
0.460651, -0.002974
0.297765, 0.284056
0.690895, 0.137649
0.638463, -0.625991
0.891410, -0.183638
0.241209, 0.745325
-0.753268, 0.773955
0.335043, -0.489166
-0.758109, -0.963979
-0.066570, 0.510234
0.407580, 0.598126
-0.295048, 0.719066
