-0.879869, 0.018815
-0.540296, -0.157034
0.344225, -0.237667
0.750501, 0.666354
-0.123619, 0.886572
-0.258826, -0.834506
0.161128, -0.659523
-0.086931, 0.097819
0.396709, 0.067849
-0.498426, 0.344245
0.266919, -0.460366
0.460079, 0.930330
-0.307583, -0.967163
-0.206896, -0.677963
0.711637, 0.469312
-0.977887, -0.570787
-0.857859, -0.717545
0.156683, -0.536452
-0.635219, -0.763347
0.504518, -0.844711
-0.783570, -0.689724
0.765525, 0.435056
-0.590879, 0.223728
0.307837, -0.560974
0.397151, -0.034333
-0.903797, 0.366156
0.214021, 0.171551
-0.343410, 0.438469
-0.243137, -0.562266
-0.119659, -0.270117
-0.798031, 0.324037
-0.490888, -0.016022
-0.907366, 0.247017
0.893363, 0.946658
0.031572, 0.201773
-0.574507, 0.215815
-0.145658, -0.366107
0.522597, 0.349136
0.402822, -0.999584
0.383571, -0.880888
0.057424, -0.261511
-0.419421, 0.184019
-0.459028, 0.416742
-0.638719, 0.703477
-0.952848, 0.717673
0.721129, 0.199480
-0.880549, -0.321497
-0.647437, 0.181212
0.869563, -0.042530
-0.199376, -0.243480
0.977830, 0.482490
-0.025354, -0.668129
-0.286057, -0.207996
-0.436960, -0.753561
-0.416570, 0.696700
-0.464594, 0.405585
0.669852, 0.240126
0.263802, -0.881235
-0.948976, 0.101926
0.794267, -0.273682
0.612635, -0.209989
-0.345773, 0.809008
-0.680330, -0.725699
0.064422, -0.527755
-0.896534, 0.960376
-0.266729, -0.271841
0.856888, -0.242766
0.401577, -0.009955
0.102815, 0.471951
0.612256, -0.780814
0.116269, -0.614847
-0.806231, 0.712516
-0.983444, 0.326932
-0.401331, -0.834363
-0.038832, 0.537169
0.707923, -0.652285
0.951843, 0.279747
0.267612, -0.102310
0.902846, -0.840327
-0.394381, 0.087096
-0.963120, -0.676655
0.860832, 0.206168
-0.922923, 0.442485
0.510230, -0.109677
-0.596503, -0.225550
0.725631, 0.596855
-0.044822, 0.843716
0.972733, -0.398813
0.317703, -0.066823
-0.648081, -0.564242
-0.254441, -0.247167
0.257688, -0.237964
-0.431544, -0.674381
0.750662, -0.912777
0.487049, -0.570407
-0.790277, 0.478810
0.451836, -0.453726
-0.372514, -0.412510
-0.101866, -0.866008
0.727263, 0.367326
-0.554949, -0.733314
0.452511, -0.514819
0.941213, -0.959760
-0.044080, -0.690738
-0.350425, -0.238863
-0.515803, -0.034798
-0.454843, 0.439203
-0.278477, 0.991159
0.481566, -0.325789
0.061047, -0.625317
-0.260457, -0.397664
-0.390140, 0.975035
-0.929752, -0.094476
0.660568, 0.013791
-0.243211, -0.674671
-0.140279, 0.744971
-0.293843, -0.745350
0.204821, 0.424131
-0.926089, 0.063983
0.396726, -0.953236
-0.502261, -0.935515
-0.466041, -0.545511
-0.706940, -0.664951
0.113628, 0.672777
-0.154834, -0.760140
0.383254, 0.986358
-0.411726, 0.837120
0.731683, -0.461288
0.532779, -0.860930
0.618190, -0.662952
-0.397073, 0.872656
-0.618973, -0.211346
0.507196, 0.236435
0.074138, 0.318800
0.328969, 0.291774
0.343389, -0.121575
0.116665, 0.660047
-0.343678, 0.808861
-0.403788, 0.521924
0.363518, 0.545190
-0.715335, -0.247375
0.175045, -0.930289
0.672650, 0.420652
-0.715353, 0.944653
-0.308180, 0.315743
-0.311710, -0.962985
0.806238, -0.643976
-0.266085, 0.933654
-0.171525, -0.050861
0.127638, -0.223910
0.414589, -0.683305
-0.591097, -0.061291
-0.885381, 0.577746
-0.612855, -0.462698
-0.118213, -0.808306
0.937051, -0.862787
-0.334536, -0.032729
-0.420792, 0.534948
0.589226, 0.613907
0.590989, 0.247496
0.402039, 0.005773
-0.590704, -0.733070
0.269032, 0.547400
-0.562413, 0.950112
-0.142876, -0.212809
0.306425, -0.422618
0.007511, 0.514561
0.167038, -0.862610
0.932296, 0.592486
0.302676, 0.475249
-0.040272, -0.011489
0.303824, 0.718835
-0.551332, 0.688243
0.773976, 0.662963
0.999056, 0.119471
0.157551, -0.920459
-0.749818, 0.527567
0.232436, -0.113812
-0.444157, -0.236064
0.638788, -0.176812
0.576159, -0.950971
0.789893, 0.563779
0.740687, -0.184624
-0.874920, -0.477940
0.096646, -0.754236
0.184833, 0.219667
-0.764255, 0.686861
0.480129, 0.427529
0.342117, 0.907472
0.018488, 0.907268
-0.733895, -0.225357
0.806389, -0.163882
-0.778655, -0.926970
-0.749240, 0.446716
0.756042, -0.590945
-0.119682, 0.359589
-0.685594, -0.613392
0.228632, -0.694467
0.097917, 0.982764
-0.090540, -0.093571
0.444421, -0.776247
0.984183, -0.147756
-0.993150, -0.158372
-0.263456, 0.219656
0.772561, 0.945918
-0.401292, 0.535194
0.560226, 0.087513
-0.343940, 0.184168
-0.757370, -0.110642
-0.214823, 0.580367
-0.527103, -0.090092
0.370478, 0.592325
-0.651670, 0.972915
0.150314, -0.257331
-0.484843, 0.045956
-0.772921, 0.247757
0.549555, -0.223457
-0.197310, -0.008986
-0.885019, 0.555825
0.101971, 0.265817
0.221859, 0.871197
0.476708, -0.619016
0.263216, -0.306478
-0.914579, 0.274098
0.504315, -0.569669
-0.218890, -0.927251
0.064922, 0.425454
-0.313055, -0.696839
-0.476489, 0.642928
-0.618921, 0.190993
-0.205096, 0.342090
0.565971, -0.296346
-0.287603, -0.022407
0.556666, 0.351791
-0.316659, -0.680964
0.687858, 0.000030
-0.880974, -0.215874
-0.991485, 0.897315
-0.107777, -0.010311
-0.947506, -0.161222
0.847752, -0.445312
-0.283185, 0.224718
-0.589855, 0.124544
0.180668, -0.918345
0.392460, -0.788339
-0.001900, -0.520876
-0.523280, 0.183771
0.939060, 0.183364
0.728364, -0.269998
0.352602, 0.062491
-0.904795, -0.445060
0.794253, -0.448115
0.027144, -0.770605
0.020166, 0.007091
0.103028, 0.068038
0.857320, -0.120580
-0.155053, -0.435801
0.566619, 0.066035
0.201207, 0.358909
0.308754, 0.988372
0.821910, -0.693322
-0.658867, 0.655801
-0.733021, 0.877759
0.331002, -0.628112
-0.280395, 0.603712
0.112766, -0.347669
0.429960, 0.165756
-0.766252, -0.570487
0.830313, -0.837724
0.527441, 0.565002
0.453552, 0.124864
0.984400, -0.582338
0.723270, 0.708327
0.067423, 0.778398
-0.914937, -0.925351
0.855169, 0.867428
0.547429, 0.020866
0.110118, -0.544514
-0.376701, 0.400721
-0.522165, 0.761231
-0.870503, -0.440243
-0.169007, 0.970273
-0.796659, 0.234241
0.269978, -0.176920
0.394920, -0.578322
0.271818, -0.416721
-0.332306, 0.281780
-0.519573, -0.714047
0.849861, -0.976374
0.365124, 0.011621
-0.248667, -0.891520
0.108423, 0.735737
0.527675, -0.558266
0.290623, -0.385707
0.550113, -0.496582
-0.238759, 0.673014
0.603619, -0.112968
0.439669, -0.068049
-0.202270, 0.486344
-0.235955, 0.693067
-0.629775, -0.012438
0.243857, 0.683151
0.424802, 0.493437
0.400822, -0.483217
-0.007635, -0.263774
0.410657, 0.803768
-0.505039, -0.053278
0.263874, 0.446692
-0.356966, -0.945489
-0.917645, -0.191792
-0.381446, 0.664606
0.242838, -0.302399
0.063483, -0.974182
-0.099449, 0.718923
-0.133594, 0.698869
-0.954901, -0.735143
0.365525, 0.637002
-0.592735, -0.559719
-0.930225, -0.090003
0.624031, 0.771433
0.051740, 0.548820
-0.488870, 0.892314
0.064512, 0.364165
0.903134, 0.609098
0.420742, -0.169642
0.189618, 0.302878
0.173941, -0.582554
-0.748198, -0.501578
0.317256, -0.194612
0.655469, -0.723455
-0.911488, -0.168298
0.023667, -0.790265
0.527107, 0.541164
-0.985437, 0.529822
-0.936208, 0.084036
-0.839875, -0.715726
-0.050560, -0.718705
0.142972, 0.073839
0.135469, -0.715407
0.472347, -0.030743
0.376813, 0.239823
0.743106, 0.764555
0.542021, -0.043127
0.741298, -0.607263
0.225702, 0.367167
-0.772930, -0.264382
-0.522728, -0.591517
0.905374, 0.632788
0.341505, 0.962422
-0.631036, -0.008063
-0.574648, -0.656396
-0.812991, -0.109759
0.754531, -0.754023
0.908750, 0.853274
0.888812, 0.318377
-0.400269, -0.997392
0.020421, -0.248635
0.012829, 0.444228
0.640527, -0.477461
-0.906563, -0.198869
-0.197058, -0.395500
0.941880, 0.789331
-0.402137, 0.448297
0.992781, -0.282230
-0.753997, -0.259418
0.603678, -0.162855
0.957343, 0.338776
-0.095222, -0.323837
-0.499478, 0.725548
0.583626, 0.729310
-0.337547, 0.403278
-0.385791, 0.011308
0.152170, 0.856892
0.875831, -0.407810
0.550383, 0.806966
0.338989, -0.341520
0.678233, -0.371395
-0.186515, 0.139348
0.588475, -0.197063
-0.006253, -0.295672
0.937186, -0.965953
-0.768846, -0.558642
-0.186767, -0.399481
0.526077, -0.453724
-0.782238, 0.601144
-0.889193, 0.655599
-0.541422, 0.445296
0.944078, -0.063220
-0.345022, -0.093036
0.071025, -0.152251
0.587859, -0.352032
0.046436, 0.635323
-0.806638, -0.954199
0.305921, -0.235702
0.962940, 0.004460
0.812790, -0.557915
0.211968, -0.478307
0.353725, 0.862992
0.023282, -0.721603
0.893754, 0.890038
-0.896470, 0.122767
0.818588, 0.332088
0.920995, -0.534812
-0.455350, 0.604002
0.514359, 0.363045
-0.139799, -0.202881
0.239750, 0.768278
-0.098471, -0.608856
-0.408991, 0.494645
0.927875, 0.820737
0.561102, 0.586530
0.344425, -0.172396
-0.968204, 0.807469
-0.893648, -0.682011
-0.561333, -0.848620
-0.004379, -0.267952
0.341588, -0.698986
0.487032, -0.618180
-0.009982, -0.207891
0.184603, -0.694566
0.149790, -0.673679
0.566782, 0.743269
0.259314, 0.995006
-0.180294, -0.508052
-0.769213, 0.936836
0.941080, 0.674370
-0.180090, -0.076714
-0.940890, -0.737109
0.463772, 0.799788
0.696827, -0.700403
-0.995083, 0.757484
-0.835987, -0.435376
0.443424, -0.502286
0.409587, -0.693332
-0.075000, 0.387016
-0.554297, -0.430601
-0.292126, 0.021042
0.696931, 0.289964
0.534999, -0.986261
-0.058229, -0.346592
-0.367834, 0.042518
-0.774512, -0.422792
-0.694463, -0.951543
0.989992, 0.392842
0.503224, 0.244250
-0.538451, 0.684606
0.279768, 0.820525
-0.752764, -0.180041
-0.426115, 0.019760
0.547558, 0.003762
-0.745127, 0.730801
-0.813848, 0.754195
-0.945165, 0.356964
-0.974025, 0.826245
-0.057612, 0.466245
-0.535729, -0.873735
-0.808174, -0.401560
-0.796116, -0.734549
0.204076, -0.060879
0.415630, -0.261503
-0.389155, 0.305026
-0.964295, 0.003380
0.002623, 0.389524
0.098100, 0.215242
-0.458185, -0.633243
-0.606435, -0.988894
-0.143563, 0.436164
-0.148745, -0.378001
-0.125346, 0.736518
0.811797, 0.887185
0.417668, -0.861227
0.385063, -0.762388
-0.008935, 0.472341
0.192542, -0.100789
0.573522, 0.391996
0.669740, -0.757515
-0.343204, 0.535834
-0.719205, -0.167655
-0.600751, -0.397476
-0.547431, -0.297750
0.719952, -0.578118
-0.494514, -0.225646
0.626067, 0.729901
-0.486821, -0.603902
-0.157878, -0.243479
0.032119, -0.895789
-0.186723, 0.467225
-0.333637, -0.666711
0.339678, -0.896617
-0.209984, -0.326346
-0.926490, 0.801818
0.839313, 0.751041
0.350868, 0.814137
-0.119198, -0.990848
-0.590605, -0.944954
0.133488, 0.598365
-0.338275, -0.613236
-0.494900, 0.407009
0.220895, -0.996148
0.697492, 0.137600
-0.325565, -0.153391
0.314287, -0.420750
0.581603, 0.442522
0.971674, 0.065946
-0.145708, 0.827936
0.617007, 0.331100
0.889015, 0.716490
0.362197, -0.704687
-0.739181, -0.002463
-0.175396, 0.717348
-0.056690, 0.260849
0.433203, 0.645015
0.463982, -0.619115
0.410837, -0.171559
0.010057, -0.755909
0.151810, 0.733183
0.992435, 0.929655
-0.351652, -0.334165
-0.572927, 0.067727
0.068554, -0.058228
-0.621608, -0.931193
0.793790, -0.988221
0.921894, 0.371165
0.457538, -0.814829
-0.467974, -0.368769
-0.559679, 0.663569
-0.895640, -0.961328
-0.928354, 0.108168
-0.637282, 0.899240
-0.833953, -0.788664
-0.592995, 0.244223
0.767148, -0.686983
-0.805362, 0.264123
-0.871200, -0.314468
-0.777757, 0.587824
-0.460392, -0.992921
0.590777, -0.788334
-0.797246, -0.605384
-0.483506, -0.067088
0.043181, 0.646873
-0.016705, 0.587892
-0.930444, -0.276870
0.270452, -0.162420
0.234242, 0.724141
-0.827999, -0.739662
-0.350402, 0.536326
-0.741751, 0.934920
0.289857, 0.146191
-0.643418, 0.332593
0.406215, -0.489705
0.156294, -0.823831
-0.913584, -0.607598
-0.295799, -0.079764
-0.342369, 0.824392
0.711794, -0.181775
-0.128597, -0.195803
-0.079868, 0.595115
0.748710, -0.521054
-0.774401, -0.007035
0.882826, -0.430271
0.081479, -0.555229
0.285759, -0.964789
0.421387, -0.428169
0.041893, 0.578801
-0.754719, 0.203818
-0.587083, 0.438365
0.040704, -0.108410
-0.784623, -0.205010
0.462208, -0.399219
0.717847, -0.362055
0.355571, 0.116113
-0.523772, 0.393738
0.592420, 0.145805
-0.891881, 0.228242
-0.409482, -0.960923
-0.935720, 0.820053
-0.631107, -0.853291
0.844139, 0.458060
-0.844968, -0.802574
0.801152, 0.050411
0.010490, -0.035473
0.068497, 0.332955
0.064002, 0.776432
0.064613, -0.137900
0.431699, 0.715545
-0.867304, 0.175210
-0.808579, -0.860176
0.521805, 0.774822
0.223299, 0.789952
-0.478465, -0.020150
0.912328, -0.206295
-0.579571, -0.084047
0.829383, -0.410121
-0.595248, 0.751448
0.474619, -0.358326
-0.026801, 0.664074
0.130832, 0.897539
-0.406404, -0.692517
0.625572, 0.094740
0.147173, -0.730103
0.169279, 0.262083
-0.858791, -0.199163
-0.847231, -0.461917
0.822650, -0.036780
-0.665052, 0.765651
-0.476973, -0.826992
0.610470, 0.504402
0.752299, 0.710441
0.806477, 0.033258
-0.290070, 0.653992
0.555570, -0.060280
-0.466312, 0.722305
0.664356, 0.313997
0.890066, -0.526310
-0.417477, 0.053035
0.076827, -0.503131
0.559157, -0.264792
0.342747, 0.687675
0.586806, 0.546818
-0.558327, -0.189326
-0.648250, 0.034254
-0.507088, 0.891625
0.341253, -0.926451
0.469871, -0.251082
0.310305, -0.536252
0.250916, 0.417644
-0.845899, -0.258880
0.141607, 0.157197
-0.810923, -0.239317
-0.118759, -0.587575
0.821978, 0.936433
-0.827074, -0.569997
0.888297, 0.164637
0.996441, 0.052480
0.857406, 0.644780
-0.077230, -0.948333
0.650498, 0.820288
0.622369, -0.440992
-0.175775, 0.929429
-0.345941, 0.840366
-0.520965, 0.430109
0.980658, 0.353964
0.459709, 0.407917
-0.981270, -0.029894
-0.496457, -0.370048
-0.981982, -0.359738
0.696149, 0.666991
0.381356, -0.839504
-0.664693, -0.388385
-0.935626, -0.217399
-0.160637, 0.987230
-0.601698, 0.824877
-0.229644, -0.805507
-0.739731, 0.825022
0.726932, 0.361379
-0.192403, -0.191774
0.115296, 0.220649
0.913035, -0.893015
-0.483135, 0.718570
0.706517, -0.263412
-0.353288, -0.944997
-0.720483, -0.500693
-0.974228, -0.406479
-0.758771, 0.182143
-0.001035, -0.437420
-0.247463, -0.642380
0.987427, -0.293682
-0.582477, -0.150154
0.570978, -0.683646
-0.701967, -0.267281
-0.652426, -0.976460
-0.340022, 0.964764
0.795157, -0.684918
-0.780028, 0.025404
0.954109, 0.583738
-0.952886, 0.093570
-0.056136, 0.637729
-0.622971, -0.803010
-0.004824, -0.458013
0.052510, -0.799799
0.567502, 0.208323
0.778024, 0.278465
-0.742087, 0.843059
0.539249, 0.455496
0.835393, 0.599856
-0.021042, -0.687002
0.875819, -0.753726
0.451328, 0.318317
-0.383622, 0.909617
0.057846, -0.849293
-0.085547, -0.637363
-0.931930, 0.411176
0.106043, -0.602265
-0.284498, 0.571666
-0.874900, 0.706174
0.850887, 0.032817
-0.753031, -0.230125
-0.826905, -0.877821
-0.344511, -0.924207
0.849311, 0.641929
-0.762353, -0.339876
-0.651072, -0.187608
-0.562112, 0.063844
0.722043, 0.001063
0.274533, 0.843822
0.719408, 0.761556
-0.697932, -0.357224
-0.230712, -0.757931
0.382437, -0.635090
-0.166389, -0.385620
-0.828480, 0.787469
-0.213461, 0.988212
0.974169, -0.679949
0.966759, 0.370183
-0.498603, 0.844737
0.640543, 0.319993
0.495990, 0.457854
0.959613, 0.312973
0.918976, 0.065699
-0.160139, 0.456954
0.881031, -0.913855
-0.713511, 0.399877
-0.634995, -0.703679
-0.508314, 0.253465
0.861230, -0.841851
0.316535, 0.666392
-0.280339, -0.076569
-0.907486, -0.076290
-0.741307, 0.055091
-0.823885, 0.213351
-0.954203, -0.044786
-0.711162, -0.943827
0.525024, 0.893567
-0.621340, -0.257006
0.012891, -0.071008
0.948313, 0.037144
-0.278101, 0.255240
0.972673, 0.993205
-0.084765, -0.488390
-0.977644, 0.212954
-0.964032, -0.819582
0.680496, -0.929932
-0.049259, 0.215435
0.417753, -0.971618
0.736846, 0.699235
-0.993834, -0.779821
-0.161781, 0.394337
0.340649, 0.296935
0.597520, -0.812565
-0.446610, -0.216699
-0.355703, 0.038242
-0.092358, -0.782060
-0.176825, -0.749967
0.558041, 0.117396
-0.545084, -0.708690
0.658304, 0.937953
0.809877, -0.814919
0.280530, -0.989069
-0.079312, 0.794172
-0.362613, 0.130742
-0.857340, 0.038083
-0.228246, 0.602632
-0.368207, -0.313670
-0.474971, 0.393887
-0.809319, -0.034264
-0.550538, 0.679297
-0.988764, 0.979198
-0.023133, 0.698479
0.860387, 0.152742
-0.766169, 0.351070
0.979347, 0.537341
-0.617411, -0.937386
-0.838025, -0.216021
-0.962865, 0.550613
-0.307272, 0.558444
0.710138, -0.014174
-0.457308, 0.433944
-0.150803, 0.704718
0.043054, -0.991041
0.402257, -0.553305
-0.237572, 0.106760
0.456563, 0.207976
0.207833, -0.044069
0.152331, 0.621465
-0.218391, 0.149423
-0.167590, 0.727916
0.390411, -0.108795
-0.094698, 0.088283
0.087840, 0.046805
-0.132332, -0.130630
0.826302, 0.643059
-0.024023, -0.627040
0.242698, -0.055668
-0.692195, -0.648633
-0.231755, 0.665199
-0.067497, 0.890850
-0.865386, 0.883408
0.780817, -0.812904
0.299638, 0.482719
-0.391763, 0.370887
0.177021, -0.154313
-0.577232, 0.824043
0.363041, 0.762334
0.371008, 0.329079
0.784034, 0.535616
-0.710537, -0.623321
-0.020972, 0.311228
-0.653534, 0.105177
0.800972, -0.133311
-0.024328, 0.630701
0.931054, -0.466985
-0.308884, -0.063791
0.727496, 0.364083
-0.804975, 0.748838
-0.734278, -0.548172
-0.362302, 0.255140
0.533637, 0.689252
0.016440, 0.235686
0.335363, 0.473922
-0.533292, 0.091025
0.941893, 0.753796
-0.936403, 0.998908
0.342154, -0.644086
0.743102, 0.415887
0.617873, -0.196915
-0.392280, -0.041332
-0.054237, 0.811768
-0.624510, 0.470852
0.371812, 0.923004
0.390382, -0.748331
0.219774, 0.917103
0.883283, 0.542008
0.152729, 0.018202
-0.573703, 0.320160
0.907683, 0.348998
-0.134657, 0.915718
-0.143638, 0.029401
0.955657, 0.567470
-0.435446, -0.930795
-0.290977, 0.299426
-0.568367, -0.948001
-0.676564, -0.522269
-0.708870, 0.754689
-0.464793, 0.135605
-0.190864, 0.137627
-0.337013, 0.861156
0.884643, -0.258788
-0.375180, -0.605423
0.561755, 0.670281
-0.242707, 0.428838
0.329511, -0.747694
-0.215285, -0.053664
-0.110936, -0.894318
-0.700935, -0.720588
-0.531959, -0.961565
0.081393, -0.987157
0.511702, -0.482576
-0.464577, -0.345374
-0.802125, 0.921255
0.236152, -0.606587
0.798519, 0.976539
0.188659, 0.824799
0.105595, 0.400536
-0.165402, 0.358752
-0.075141, 0.947666
-0.809618, -0.157237
0.772478, 0.488088
-0.342313, -0.832936
0.766055, 0.078425
0.366866, -0.197806
0.744070, -0.002230
0.600908, -0.811188
0.792292, -0.364364
0.272208, -0.575671
-0.639074, 0.150248
0.378910, 0.292414
-0.111085, 0.067394
-0.875586, -0.774657
0.670124, 0.145611
-0.324700, 0.149518
0.611253, 0.793157
-0.487776, 0.579525
0.197032, 0.917692
-0.666336, -0.912075
0.497132, 0.938932
-0.262852, 0.758337
0.999632, -0.487331
0.702485, 0.510204
-0.367184, 0.988896
0.924542, 0.010898
0.578228, 0.959036
-0.475954, 0.735723
-0.538206, -0.053180
-0.176663, 0.804098
0.343437, 0.702862
-0.353615, 0.632757
-0.058989, 0.184175
0.615416, -0.908160
-0.122895, -0.023533
0.346178, 0.626729
0.370063, 0.143342
-0.966446, 0.081332
-0.088042, 0.863473
0.678787, 0.887575
-0.975065, 0.689313
-0.285969, 0.139493
-0.240094, 0.848282
-0.441824, -0.426814
-0.113206, 0.766401
-0.904852, 0.915797
-0.315514, -0.768647
-0.124470, 0.577126
-0.385257, 0.554117
-0.821550, 0.608171
-0.316048, 0.979755
-0.635579, 0.837557
-0.451072, 0.483242
0.695241, 0.471769
-0.311562, 0.218279
-0.031693, -0.608363
-0.553937, -0.183968
0.774654, 0.681492
-0.293677, -0.311358
0.255343, -0.839458
-0.363738, -0.082027
-0.392771, 0.242999
0.452326, 0.842007
0.881408, -0.462759
-0.177160, -0.259944
-0.162850, 0.488360
-0.387531, 0.776225
-0.156469, 0.073488
-0.270370, 0.455722
0.817591, -0.434303
-0.350995, 0.899640
-0.363074, 0.780796
0.442461, -0.741056
0.899066, 0.117060
-0.633583, 0.295387
-0.582890, -0.271554
0.197037, 0.527738
0.156260, -0.669304
-0.625170, -0.003738
-0.931830, 0.066342
-0.114902, -0.541030
0.428847, -0.115233
0.098818, 0.113453
-0.616166, 0.576278
-0.741813, 0.443571
0.351158, -0.393275
0.990409, 0.804864
-0.430259, -0.773516
0.158139, -0.618975
-0.879521, 0.486672
0.015417, -0.002248
-0.201665, 0.841942
-0.604369, -0.688983
-0.053976, 0.509006
-0.686955, -0.910453
0.828199, -0.089223
-0.636306, 0.540103
0.915993, 0.911762
0.637223, -0.927377
-0.637159, -0.646125
0.884243, 0.207348
-0.644354, -0.890989
0.673584, -0.580478
0.455793, 0.946746
-0.403778, 0.593535
-0.608371, 0.947850
-0.000139, -0.364432
0.728606, -0.167324
0.197794, -0.095824
0.517646, 0.115232
-0.792214, -0.455969
-0.769723, 0.701262
-0.880218, -0.095556
-0.988210, -0.358509
0.894903, -0.748220
-0.585827, 0.877222
0.906504, -0.994657
0.664639, 0.952108
-0.425723, 0.979753
0.152445, -0.058570
-0.210885, 0.786698
-0.214624, 0.137086
-0.601601, -0.010029
0.817750, -0.850650
-0.038203, -0.644881
-0.385547, 0.911091
0.687172, 0.818864
0.175546, -0.128509
-0.453402, 0.819032
0.793210, -0.355517
0.543923, 0.790845
0.983111, 0.815725
-0.714905, 0.230950
-0.092633, 0.549652
0.788974, 0.055866
-0.985428, 0.417859
-0.682237, 0.432464
0.923091, -0.095512
-0.135884, -0.106498
-0.616165, 0.079817
0.162970, 0.508716
-0.567861, -0.951884
-0.858478, 0.080302
0.791738, 0.296995
-0.154752, 0.901611
-0.186256, 0.301394
0.735293, 0.352090
-0.877149, 0.012082
-0.571929, 0.510713
-0.061205, 0.529452
-0.508362, 0.920967
-0.845627, -0.770184
-0.326602, -0.774152
0.251913, -0.594398
0.627769, 0.337441
-0.226552, 0.650798
-0.419825, 0.619092
0.208438, -0.055128
0.414295, -0.763616
0.877200, -0.045429
0.259312, 0.488567
-0.355558, -0.578390
-0.710051, -0.881210
-0.359946, 0.093093
-0.445376, 0.546399
0.844292, 0.229612
0.246960, -0.598772
0.177869, 0.769259
-0.712536, -0.680433
-0.541750, 0.973213
0.006785, 0.571624
-0.178819, -0.413586
0.109188, 0.987286
0.970536, 0.577693
-0.376750, 0.539618
-0.388847, 0.788217
0.896787, 0.512814
-0.452439, -0.464217
-0.225183, 0.814270
-0.749357, 0.349695
-0.137239, 0.635122
0.856952, 0.963417
-0.544607, 0.580900
0.658522, 0.340882
-0.264529, 0.048370
-0.303826, -0.736159
-0.989381, 0.196440
0.850812, -0.409826
-0.895640, 0.729520
0.932970, 0.103545
0.655400, -0.093110
0.886561, -0.973425
-0.295778, -0.583352
0.910355, -0.326024
0.553231, -0.357980
-0.444106, -0.442001
0.551161, -0.088591
-0.943206, -0.684813
-0.519821, 0.536567
-0.154889, 0.938867
0.116963, 0.722369
0.742550, 0.943755
0.104888, -0.671124
-0.256126, -0.429464
0.578716, -0.796641
0.999278, 0.606496
-0.072933, 0.093395
-0.398317, -0.296517
0.669877, -0.842249
-0.975354, 0.108266
-0.095916, 0.382739
-0.079760, 0.481236
-0.013105, -0.111656
-0.502609, 0.213605
0.165021, -0.667289
0.429720, 0.504103
-0.388617, -0.341341
0.014243, -0.113572
0.969307, -0.940935
-0.122523, 0.511511
0.281065, -0.222579
-0.670826, 0.566938
-0.988515, 0.245049
0.058897, 0.845389
0.452823, 0.126044
-0.590530, -0.246438
-0.455119, -0.373634
-0.479999, -0.213505
-0.012125, -0.655497
0.649980, 0.079946
0.449651, 0.460360
-0.125505, 0.683338
-0.249968, 0.414388
-0.340551, -0.233358
0.421296, -0.211124
-0.926167, 0.863796
-0.828249, -0.108383
0.188218, 0.375128
0.365330, 0.436078
-0.962553, -0.499372
0.299661, -0.723611
-0.993582, -0.704720
-0.307396, 0.644063
0.055657, 0.911594
-0.995329, 0.288743
-0.228208, -0.462000
0.728262, -0.756580
0.816631, -0.075903
0.610553, -0.187872
0.074366, 0.110405
-0.857163, -0.436556
-0.256877, -0.183715
0.122470, 0.644123
0.289319, -0.961594
0.744812, 0.445377
-0.345756, -0.644152
-0.006226, -0.007999
0.516788, 0.137202
0.848532, 0.624284
-0.633111, -0.037209
-0.487813, 0.906076
-0.000366, -0.588653
0.592053, 0.596705
-0.822485, -0.699309
0.374754, 0.934800
-0.441429, 0.983143
0.615276, 0.843191
0.027459, 0.290685
0.906592, 0.845852
0.685617, 0.521852
0.802315, 0.622464
0.153634, -0.734575
-0.279500, -0.840552
0.921603, 0.050758
0.278057, -0.640745
-0.199898, 0.173703
-0.033100, -0.752323
-0.379950, 0.565176
0.513263, 0.564018
-0.552437, -0.838986
0.717040, -0.270637
0.980884, -0.705900
-0.287372, -0.381199
-0.159717, -0.253751
0.031521, 0.266847
0.706231, 0.136765
-0.698662, -0.565472
-0.924775, -0.470274
-0.274770, 0.534902
0.615818, 0.547064
-0.889951, 0.356474
-0.957155, -0.409919
-0.521239, 0.940381
-0.730412, -0.781879
0.166752, -0.461892
0.587546, 0.933773
0.904254, -0.078605
-0.291641, -0.614562
-0.092963, 0.009791
0.629390, 0.647772
-0.207678, 0.602780
0.809556, 0.626642
0.852875, -0.064500
-0.835680, 0.674572
-0.696029, -0.020746
0.736606, 0.663011
-0.707311, -0.554807
0.980365, -0.407463
0.057401, 0.511171
0.680435, -0.771867
-0.825277, -0.272149
0.906650, -0.691747
-0.258515, 0.865729
0.951534, -0.009794
-0.095344, -0.709367
0.095194, -0.251287
0.847304, -0.904911
0.718474, -0.018892
-0.027207, -0.386452
-0.482980, 0.353436
-0.469358, 0.074660
0.253165, 0.346770
0.951716, -0.747236
0.243061, 0.726402
-0.745351, 0.134075
-0.682955, -0.351523
0.453015, 0.677307
-0.472720, -0.411382
0.247801, -0.452208
0.978759, 0.984456
-0.306109, -0.849990
0.656692, -0.691409
-0.804302, -0.423284
-0.610717, 0.836477
0.621299, 0.190631
-0.021393, -0.621977
0.662958, 0.973930
0.652132, 0.564366
-0.233377, 0.026204
-0.028456, 0.912378
-0.803090, -0.432770
-0.825591, 0.154273
-0.517970, 0.532439
-0.883275, 0.233993
0.991995, -0.745564
0.434676, -0.258111
0.434209, -0.668904
0.875898, 0.299258
0.327829, -0.489510
0.327946, -0.503272
-0.879612, 0.255275
0.281696, 0.316249
0.981109, 0.244802
-0.131812, 0.783259
0.871143, -0.195877
-0.525499, 0.015777
0.919780, -0.135421
-0.885042, -0.812896
0.394312, -0.642659
0.977371, 0.833370
0.215819, 0.683592
-0.844243, -0.426480
0.470318, -0.472550
-0.739988, -0.348919
0.586897, -0.117588
-0.354679, -0.517297
0.293324, 0.892972
0.513213, -0.598569
-0.925634, -0.868240
-0.873538, -0.404855
0.183054, -0.518954
0.063369, 0.296190
-0.355125, 0.106167
-0.040374, 0.732736
0.781595, 0.588551
0.073574, 0.161521
0.872203, -0.651150
0.839303, -0.848929
0.252259, 0.419512
0.788158, 0.424391
0.357892, -0.796695
0.354163, 0.815218
0.311022, -0.902860
-0.076618, -0.428771
-0.391125, -0.242059
-0.613842, -0.186231
0.022433, -0.970398
0.358078, 0.334977
0.965726, 0.395642
0.419927, 0.808732
-0.911823, -0.865290
-0.742468, -0.440485
0.066703, 0.970967
-0.638180, -0.246784
0.427350, 0.644720
-0.105660, -0.785746
-0.130002, -0.053859
0.246984, -0.548983
-0.065838, -0.265987
-0.366677, 0.403621
-0.108434, 0.657240
-0.175653, -0.907148
0.857085, -0.175332
0.685370, -0.021793
0.556265, 0.566280
0.506439, -0.972746
0.865258, -0.519134
-0.099160, 0.578257
0.019026, 0.470327
-0.636224, -0.294066
-0.748109, 0.253705
-0.328908, -0.555289
0.954293, -0.441770
-0.769844, -0.424463
0.432997, 0.987638
0.983597, 0.989912
0.268179, 0.015354
0.930199, 0.240771
-0.079792, -0.840400
0.073453, 0.593694
-0.038659, 0.437690
0.592999, 0.383592
0.671793, -0.214214
-0.780122, 0.077355
0.836040, 0.769177
0.792236, -0.389971
-0.921889, -0.830148
0.134356, -0.045742
-0.082715, 0.708602
-0.068855, -0.355882
-0.488379, -0.355892
-0.105713, 0.372467
0.539367, -0.201389
-0.815230, -0.577664
0.429163, 0.128845
0.669431, 0.991969
0.900658, -0.027489
0.475151, -0.946058
0.005904, 0.325384
-0.136236, -0.270953
0.247808, -0.224399
0.078082, -0.725288
-0.819644, 0.776312
-0.502488, 0.530571
-0.741894, 0.252133
0.759593, 0.323486
0.642078, 0.852039
0.264544, 0.925361
-0.158178, 0.323611
0.126508, 0.893902
-0.265586, -0.657568
0.809151, 0.245044
-0.794847, -0.534854
-0.042562, -0.434373
-0.544839, -0.460976
-0.150528, 0.895566
-0.393207, 0.184708
0.603459, -0.905261
0.097696, -0.557293
0.359379, 0.928312
0.215878, -0.658834
0.067684, -0.007604
-0.988804, -0.335458
0.249575, -0.949603
-0.580973, -0.825274
0.887362, 0.524265
-0.615898, -0.000396
0.659512, -0.630955
0.461146, 0.324609
-0.295001, 0.434587
-0.307589, -0.719645
-0.016284, -0.940516
-0.274422, 0.838156
0.200177, 0.707724
0.807063, -0.926095
0.682403, 0.485874
-0.599700, -0.156249
-0.225731, 0.503251
0.615937, 0.046327
-0.291333, -0.789781
-0.117299, 0.542721
-0.854057, 0.345318
-0.553247, 0.206330
-0.074031, 0.733325
-0.946685, -0.996177
-0.706704, 0.953500
-0.409911, 0.274799
-0.642877, -0.622976
-0.575893, -0.467612
0.034042, -0.753206
0.172618, 0.704136
-0.068761, -0.354555
0.499582, -0.524353
-0.761668, 0.467260
0.201921, -0.317342
-0.336109, 0.031903
0.145114, 0.521986
-0.329284, 0.471842
0.978356, 0.250946
0.118274, 0.755299
-0.518987, 0.271208
0.771915, 0.847815
-0.721174, 0.248054
-0.587885, -0.549151
0.718489, -0.745030
0.666529, 0.221498
0.785837, -0.111489
-0.375032, 0.762610
0.679740, 0.674363
0.875272, -0.538253
-0.204081, 0.068916
0.209996, -0.965233
0.116279, 0.624266
0.463714, -0.885506
0.348705, 0.948709
0.307716, 0.983309
0.677705, -0.953868
-0.464178, 0.669912
0.209241, -0.846045
-0.061813, -0.096224
-0.849836, 0.198458
0.254882, -0.044855
0.103384, -0.850668
-0.315236, 0.387600
-0.539135, -0.113045
0.328168, 0.980312
-0.381200, -0.697824
0.967470, -0.300219
-0.780536, -0.245018
0.065079, -0.104822
-0.460909, -0.314655
-0.433003, 0.156790
0.998534, -0.259965
0.635466, -0.170128
-0.557436, -0.148974
-0.915444, 0.294053
-0.391526, 0.232530
-0.160903, -0.508936
-0.498293, 0.004227
0.188579, 0.942512
0.652706, -0.878080
0.193585, -0.601722
0.899148, 0.831304
0.576847, -0.387076
-0.364699, 0.534359
0.018090, -0.866152
-0.650222, -0.390940
0.847470, 0.632738
-0.761702, 0.746283
-0.146378, 0.313388
-0.828792, -0.923825
-0.085163, 0.279476
0.349023, 0.036343
-0.282210, -0.078486
0.211135, -0.205575
0.147785, 0.993381
0.617126, -0.853358
-0.742154, -0.438519
0.452950, -0.270349
-0.076599, 0.937886
0.957975, 0.532033
0.170403, -0.598184
0.914012, -0.495640
0.169899, 0.466595
-0.223991, -0.989180
0.726290, 0.834052
-0.385834, -0.332593
0.630750, -0.895823
-0.376226, -0.056961
0.387030, 0.093898
-0.398742, 0.522907
-0.738332, -0.141950
-0.993281, -0.743204
-0.241960, 0.899053
-0.275906, -0.357214
0.677566, 0.293650
-0.129904, -0.990062
0.094930, -0.579460
-0.628802, 0.379187
0.177901, 0.277123
0.156198, 0.620925
-0.405739, -0.516069
-0.950136, -0.850546
0.197080, 0.554574
0.817516, -0.922311
-0.642006, -0.156594
0.869208, 0.960567
0.728401, -0.692046
-0.108487, -0.406114
0.292039, 0.914549
0.070754, -0.874408
0.861172, 0.618730
0.226311, 0.302240
0.796547, 0.515465
0.296207, 0.580085
-0.927385, 0.721950
-0.678965, 0.342078
-0.190953, -0.968487
0.382505, -0.779001
0.228762, 0.362547
-0.993452, 0.273162
-0.613650, -0.076528
-0.083209, 0.832066
-0.351244, -0.443769
0.519914, 0.651849
-0.729739, -0.170309
0.628970, 0.940606
0.760875, -0.463549
-0.719319, -0.988012
0.846767, 0.958010
0.490605, 0.132926
-0.971493, -0.818599
-0.876072, -0.516769
-0.990902, 0.363745
-0.532858, -0.291704
0.567933, 0.430234
-0.759063, -0.191002
0.950217, -0.318552
-0.262684, -0.295433
-0.233622, 0.329802
0.925388, 0.935551
0.444173, -0.621917
0.230994, -0.221942
-0.804084, -0.899545
-0.682268, -0.293035
-0.697561, 0.644741
0.093966, 0.313934
0.856127, -0.835167
-0.887884, 0.988736
-0.565051, -0.290918
0.526726, 0.413522
-0.298069, -0.976157
0.767742, 0.469608
-0.835654, 0.447353
-0.013803, -0.950789
-0.954299, -0.197494
0.413317, -0.863439
-0.719079, 0.190401
0.457710, 0.700063
0.244694, 0.603970
0.484928, 0.552762
-0.218972, 0.170704
-0.280703, -0.927744
0.832801, -0.878174
-0.502426, -0.158753
-0.306854, 0.742559
-0.966607, 0.965142
-0.010418, 0.290930
-0.978293, -0.450665
-0.870029, 0.795578
0.782665, 0.250794
0.615515, -0.322886
0.253340, 0.004049
0.829207, 0.388955
-0.985589, -0.417145
-0.991459, -0.120183
0.604879, -0.983065
0.434151, -0.762534
-0.629818, -0.050873
0.500680, 0.915389
-0.997790, -0.860328
0.000127, -0.600793
0.975906, 0.661739
0.837150, -0.956125
-0.792448, 0.810275
0.380623, -0.806623
0.468300, -0.191758
0.513906, -0.454167
0.036944, -0.668570
-0.122877, 0.788666
-0.809541, -0.637872
-0.961854, -0.360327
-0.922037, -0.285226
0.079998, -0.061914
0.621974, 0.769467
-0.446377, 0.852602
0.978244, -0.493475
0.598900, 0.207538
-0.318796, -0.089349
0.027410, -0.985340
0.251403, 0.848736
-0.414750, -0.419638
0.012712, 0.454304
-0.512347, 0.744323
-0.945724, -0.956808
0.586700, 0.086678
0.073290, -0.515615
0.581174, -0.200946
0.267373, 0.630119
-0.824998, -0.585184
0.832337, 0.653479
0.886345, 0.954669
-0.009432, 0.623280
0.257020, -0.309378
0.526013, 0.132238
-0.775283, -0.009001
-0.887727, -0.320760
0.398820, 0.107562
0.276333, 0.277470
0.271672, 0.043763
0.036145, 0.349665
-0.726102, 0.306099
-0.020292, 0.935380
-0.752086, -0.260696
-0.737767, -0.405687
0.222722, 0.256187
-0.918991, 0.467404
0.051069, -0.089684
0.702668, -0.427720
-0.247144, 0.444713
0.396877, 0.682761
0.145083, -0.817589
0.133769, -0.815722
-0.522706, 0.799371
0.597594, -0.484392
-0.765272, 0.788601
-0.855489, -0.975286
-0.768697, -0.079579
-0.878616, -0.327297
0.718240, 0.818963
0.161511, 0.122793
0.928717, -0.295698
0.461671, 0.827459
0.589122, -0.212398
0.031637, 0.023605
0.575507, 0.863440
0.176953, 0.015450
-0.627389, 0.069888
-0.945399, -0.238042
0.802683, -0.681526
0.521414, 0.246905
-0.059528, 0.854823
-0.198032, -0.826150
-0.598982, -0.848375
-0.135541, -0.311747
0.434372, 0.035755
-0.541097, 0.958320
0.401360, -0.859999
-0.497864, -0.381598
-0.723219, 0.417374
-0.860319, 0.257339
-0.252318, -0.610138
0.949903, 0.137410
-0.981878, 0.942434
0.546059, 0.880347
-0.485837, -0.286296
-0.364293, -0.180867
-0.083251, -0.346986
0.188017, -0.149643
0.237079, 0.269457
0.430222, 0.693378
0.748940, 0.058175
-0.172115, -0.645131
-0.437733, -0.223678
-0.146689, -0.752178
0.101755, 0.399652
-0.733093, 0.106404
0.424339, 0.448711
0.389540, 0.669884
-0.262983, 0.641459
-0.409802, 0.180431
0.398717, -0.191710
-0.303097, 0.069306
-0.001279, -0.132790
0.885660, -0.552015
-0.535189, 0.742062
0.158763, -0.415053
-0.067316, -0.121438
0.401450, 0.271427
-0.873012, -0.709190
-0.346619, 0.865629
0.740267, 0.847863
-0.625534, 0.433940
0.053773, -0.767262
0.812297, -0.399112
-0.824036, -0.542129
0.486174, -0.193674
0.247399, 0.861220
-0.268552, 0.634578
-0.918204, -0.445159
-0.319293, -0.071360
0.006487, 0.816340
0.693100, -0.534572
-0.534030, -0.883663
0.086665, 0.714701
-0.073085, 0.070197
-0.397973, -0.506534
-0.641267, -0.829503
-0.169014, -0.970551
0.258132, -0.025735
-0.157904, -0.599224
0.318927, 0.049072
-0.786299, -0.721377
0.834905, -0.602001
-0.618351, -0.547088
0.078281, -0.475361
0.237039, 0.895182
-0.708547, -0.943826
-0.307172, -0.700132
-0.664385, 0.044674
0.415372, 0.332963
0.367115, -0.196528
-0.254124, 0.141459
-0.004377, 0.651050
0.035502, -0.647976
-0.758459, 0.133485
-0.303526, 0.256763
0.872682, 0.403111
-0.446575, 0.655413
0.790829, -0.557129
-0.911743, -0.122540
0.994108, 0.823541
0.459213, -0.265728
0.046531, -0.238067
0.634562, 0.918686
-0.188690, -0.922434
-0.465336, -0.705150
-0.808613, 0.009725
-0.074039, -0.608168
0.582673, 0.692989
-0.915084, -0.384655
0.439754, 0.869826
-0.431605, -0.030962
0.166595, 0.619156
0.879788, 0.570613
0.099076, -0.197714
0.421246, -0.911556
0.728746, 0.812524
0.606158, -0.394694
0.075788, -0.727647
0.393802, -0.565396
-0.344819, 0.087737
0.992870, 0.091112
-0.212137, -0.663563
-0.894988, -0.801051
-0.659783, 0.624247
-0.989924, -0.424862
0.254212, -0.497671
0.249590, -0.125755
-0.832801, -0.212777
-0.623509, -0.866217
0.441857, -0.343828
-0.189864, -0.472960
-0.247961, -0.477188
0.314978, -0.529027
0.457173, 0.568784
0.557785, 0.766172
-0.739643, 0.873926
-0.312236, -0.087825
-0.715668, -0.025907
-0.897800, -0.491261
0.160884, 0.186392
0.289186, 0.177155
-0.485165, -0.951931
-0.243499, -0.869550
-0.777194, -0.986883
-0.652296, -0.079822
-0.041689, 0.242467
0.198674, -0.917362
-0.747228, -0.070339
-0.319287, -0.738813
-0.423639, -0.941116
-0.890217, 0.769036
0.848820, 0.775911
0.035929, -0.330518
0.184910, -0.504701
-0.684827, -0.166671
0.527553, 0.516491
-0.177797, 0.677439
0.209041, 0.565338
0.037403, -0.233398
-0.755536, -0.501775
0.992360, -0.791273
-0.836934, 0.610776
0.707937, 0.975062
-0.246620, 0.841007
-0.458782, 0.001820
0.305974, 0.703156
-0.868039, 0.155894
-0.544228, -0.757004
0.493909, -0.241743
-0.277574, -0.370927
-0.778845, 0.428874
0.833646, 0.732855
-0.225541, 0.221525
0.796928, -0.224729
0.604287, 0.061317
0.861462, -0.860381
0.624157, 0.108108
0.215591, -0.313508
0.672515, 0.325990
-0.318256, -0.556910
-0.581594, -0.991253
-0.319275, -0.747415
-0.611662, -0.472970
0.597484, -0.276046
0.475750, 0.286960
-0.812626, 0.710796
0.307568, 0.110656
-0.346312, -0.946619
-0.274878, -0.635844
0.493375, 0.150816
-0.166339, -0.107236
-0.903435, 0.828016
0.940894, 0.890629
-0.135486, 0.338503
0.447406, 0.271625
0.625692, -0.691951
0.770956, 0.160555
-0.819326, -0.764384
-0.271781, -0.532285
-0.026537, 0.149722
0.946756, -0.379056
-0.652315, 0.884298
0.731824, -0.514419
0.964613, 0.859567
-0.893836, -0.480497
0.041543, -0.512077
-0.127495, -0.047076
0.436196, -0.547799
0.635119, -0.823180
0.110838, -0.243276
0.260606, -0.295469
-0.823058, 0.070473
0.799301, -0.387022
0.515424, 0.636809
-0.218776, -0.899285
0.467305, -0.963457
0.879610, -0.924668
0.833757, 0.564075
0.140879, 0.728661
-0.438058, 0.137474
-0.057835, 0.041494
-0.712617, 0.054011
0.102808, -0.325110
-0.255584, 0.955231
0.620614, -0.727289
-0.975224, -0.507629
0.574896, -0.329325
0.069461, -0.833712
-0.312591, -0.028010
0.353105, -0.490542
0.770777, 0.023771
-0.525837, -0.053377
-0.845641, 0.109989
-0.951625, 0.658448
0.530886, -0.049026
0.624013, 0.286325
0.969640, -0.189042
-0.484623, 0.063994
0.248246, -0.793945
0.926235, -0.873650
-0.429753, -0.170695
-0.828344, -0.027925
0.596295, 0.507056
0.284772, -0.090072
-0.964648, -0.564643
0.070682, 0.029259
-0.627143, -0.311268
-0.934224, -0.243252
-0.024345, 0.051669
-0.629629, 0.849157
0.186578, 0.616895
-0.398057, -0.291701
0.566204, -0.247884
0.152359, -0.552230
0.423054, -0.710927
0.442798, 0.383244
0.625580, -0.173372
0.151904, -0.412939
-0.457405, 0.745504
-0.817686, 0.753802
0.665798, 0.210046
-0.050293, 0.136451
-0.222971, 0.949137
-0.151995, 0.347792
-0.042891, 0.511906
0.577479, 0.164924
0.549060, 0.261945
0.350213, -0.180702
-0.504493, 0.358007
-0.081253, 0.668201
-0.168502, -0.860554
0.714894, 0.793798
0.895128, -0.047051
0.842533, 0.026181
0.844798, -0.148841
-0.026066, -0.000332
-0.363307, 0.785613
0.872390, -0.194255
0.121846, 0.791031
-0.596240, -0.352651
0.715836, -0.731317
0.802220, 0.284560
0.502100, -0.593703
-0.893443, 0.946368
0.214251, -0.509566
-0.460293, -0.221418
-0.077696, -0.754044
0.285745, -0.108355
-0.368101, -0.998866
0.636139, 0.695202
0.993039, -0.749545
0.034174, 0.221482
-0.315413, 0.069306
-0.661227, 0.678115
-0.737678, 0.809638
-0.575861, -0.117223
-0.437043, 0.540649
-0.904887, -0.657977
0.684661, -0.174943
-0.019199, -0.276357
-0.509447, 0.225450
-0.254872, -0.946519
0.324313, 0.213085
0.533885, 0.435738
-0.249290, 0.315253
-0.276333, -0.613481
-0.674423, 0.949913
-0.097860, -0.145719
-0.680313, -0.642587
0.530513, 0.183010
0.494855, -0.863191
0.059109, 0.114926
0.936331, 0.750503
-0.728313, 0.680325
-0.261239, 0.960097
0.742135, -0.847359
-0.325095, 0.452035
-0.271967, 0.724325
0.715460, 0.584912
-0.839075, 0.998272
-0.709338, -0.153597
0.702401, -0.898279
-0.888073, -0.434640
0.129561, 0.011517
-0.748736, -0.423922
-0.429174, -0.089598
0.485464, -0.463408
-0.969865, -0.007187
-0.866211, -0.255734
0.502237, -0.361373
-0.665429, 0.524522
0.106434, -0.157165
0.423013, 0.476136
0.351058, 0.718639
-0.982916, 0.744803
0.904977, 0.640947
0.583307, 0.823973
-0.242089, -0.600603
0.590761, 0.396272
0.176695, 0.744979
0.394810, -0.451221
0.117427, -0.920067
-0.747060, -0.185054
-0.054593, 0.112957
-0.639353, -0.032098
-0.640746, 0.935857
-0.563224, 0.251301
0.334837, 0.778798
-0.002995, 0.668203
-0.929135, -0.382149
0.383179, -0.873319
0.476631, -0.218053
0.782039, 0.569186
-0.756480, 0.214090
-0.687086, 0.774300
-0.619072, 0.589303
0.214666, 0.181036
-0.139805, 0.684566
0.691650, 0.527554
-0.827029, 0.117313
-0.206470, 0.022518
0.468231, -0.201883
0.050041, 0.757116
0.654127, -0.234710
0.186741, -0.783429
0.625069, 0.362360
0.497391, 0.799740
0.466779, -0.696034
-0.017007, -0.362270
0.996712, -0.563808
0.829319, -0.291572
0.843261, 0.114700
0.537255, -0.520175
0.977385, -0.540069
-0.072597, -0.769624
0.411366, -0.642659
0.506531, 0.787502
-0.151868, -0.740235
-0.480235, -0.313623
0.679895, -0.257368
0.112033, -0.221404
0.040912, 0.346617
-0.613804, 0.268011
-0.711992, 0.548604
-0.570440, -0.883271
0.066885, -0.870132
-0.769077, -0.839778
0.268327, 0.184232
-0.079604, 0.241139
0.174932, 0.215047
-0.946938, -0.180734
0.428649, 0.664626
0.836888, 0.060979
0.206460, 0.137539
-0.310480, 0.737644
-0.853753, -0.590591
-0.019758, 0.566561
-0.698856, -0.521090
-0.928450, -0.375858
0.363960, -0.999339
-0.434110, -0.272533
0.691910, 0.681146
0.597676, 0.703605
-0.444812, 0.104887
-0.172885, -0.814844
0.337413, 0.460161
0.165788, -0.502293
-0.885137, -0.266597
-0.809069, -0.513081
0.799652, 0.852092
-0.584048, 0.917869
0.586019, -0.585985
-0.336368, -0.223528
-0.479662, -0.011402
-0.161303, -0.911178
0.227357, -0.267848
0.987335, -0.920734
-0.390623, 0.113392
-0.325027, 0.236366
-0.370837, -0.499161
0.690438, -0.632035
0.966107, 0.771245
0.279854, 0.301258
0.440800, -0.679422
0.653168, 0.530944
0.304635, 0.204778
0.580717, -0.318561
-0.061150, 0.031713
-0.933754, -0.820614
-0.294786, -0.843010
0.569994, 0.049127
-0.896141, -0.318106
-0.307746, -0.290666
0.932123, 0.691965
0.417601, -0.560628
0.239778, 0.482472
-0.648442, 0.539169
-0.484526, -0.921261
-0.412641, -0.859970
0.957826, 0.272965
0.884026, -0.668549
0.409974, 0.261450
0.811521, 0.132393
-0.552281, -0.105722
-0.529868, 0.047577
-0.008030, 0.094134
0.577857, 0.742630
0.629226, -0.380292
-0.192432, -0.034151
0.941547, -0.973915
-0.032630, 0.927762
0.798297, -0.312904
-0.632973, -0.214296
0.581358, 0.561464
-0.849871, 0.111365
0.537585, 0.544605
0.936363, 0.893037
-0.138627, -0.045110
-0.781570, 0.490557
-0.440985, -0.176298
0.068284, 0.919409
0.413797, 0.103237
0.058044, -0.279107
0.013077, -0.598532
0.584506, -0.373412
0.784424, 0.197810
0.748267, -0.722224
0.033255, -0.023185
-0.051880, 0.698773
0.905311, 0.363546
0.605108, 0.415490
-0.467222, 0.550331
-0.042751, -0.730353
0.783541, -0.126479
-0.422785, -0.667057
0.167858, -0.499983
0.325724, -0.033942
-0.996786, -0.137828
-0.340322, 0.265167
-0.371207, -0.889164
0.101526, 0.333201
-0.618531, 0.786983
0.211320, 0.229203
-0.732264, 0.515329
0.501509, 0.192692
0.084555, 0.870161
-0.991785, 0.211971
-0.011067, -0.241313
-0.978792, -0.874729
0.706942, 0.459236
-0.612132, 0.358152
-0.043819, 0.615563
0.052416, 0.411741
-0.030221, 0.391981
0.578524, -0.275899
0.464816, 0.795807
0.296324, -0.220810
0.255295, -0.504306
-0.373112, -0.056519
-0.622083, 0.796862
-0.494220, -0.307283
0.367569, 0.672390
0.259120, 0.595173
-0.588574, -0.398704
0.809544, -0.769652
-0.845591, -0.564935
0.212398, 0.691112
-0.963301, 0.391024
0.644415, 0.825842
0.661935, 0.006369
-0.263712, 0.945991
-0.387017, 0.510570
0.207932, 0.965367
-0.870862, 0.650488
0.517738, 0.351888
-0.518157, -0.725843
0.961346, 0.635984
-0.102120, 0.588332
-0.055374, 0.033089
-0.280770, 0.185300
0.641648, 0.383740
-0.565760, -0.562765
-0.871066, -0.445600
0.262412, 0.077184
0.405183, -0.469013
0.713143, -0.803027
-0.955543, 0.678698
-0.149430, 0.521537
0.325962, 0.863827
-0.998373, -0.453909
0.880768, -0.298747
-0.330613, -0.299956
0.069537, 0.188700
0.679205, -0.916711
0.430110, -0.310603
-0.399650, -0.496901
-0.467927, 0.916250
0.818248, 0.585308
0.378043, -0.378726
0.042422, 0.821502
0.677593, -0.268574
0.068652, 0.081259
-0.829881, -0.917633
0.180855, -0.038860
0.095671, 0.824108
-0.633292, 0.506583
-0.324344, -0.432070
0.102894, -0.709313
-0.796090, 0.436295
0.052552, 0.963791
-0.760890, -0.071666
-0.612668, -0.649417
0.542609, 0.790157
0.953197, -0.689239
0.051857, 0.972932
0.166592, -0.336216
-0.239791, 0.428347
0.990291, -0.109862
0.181992, 0.386875
-0.355244, -0.881889
-0.102047, -0.107480
0.372170, 0.982377
0.322591, -0.161780
-0.600917, 0.356088
-0.552085, 0.948785
-0.418572, 0.038732
0.182127, 0.945805
-0.543703, 0.588371
0.038214, -0.896231
0.848136, 0.499493
-0.476710, -0.165388
0.390341, -0.810014
0.490787, -0.748525
0.200216, 0.568434
0.139031, 0.654150
-0.745902, 0.936788
-0.124371, -0.777981
-0.597546, 0.570823
-0.723768, 0.150688
0.474100, -0.097341
0.891057, -0.458335
-0.995032, 0.387485
0.105656, -0.379519
-0.027167, 0.817421
-0.856526, -0.013869
-0.890057, -0.282522
-0.559965, -0.703579
-0.136070, -0.635693
-0.393353, 0.506442
0.345550, -0.837490
0.660659, 0.585992
0.515140, -0.984148
-0.369433, -0.426911
-0.155600, 0.503499
-0.250934, -0.207356
-0.842326, 0.466374
0.835102, -0.447524
-0.398185, -0.546837
0.709063, 0.525195
-0.957664, 0.678157
0.148539, 0.201039
-0.531929, -0.188047
0.031601, 0.240945
0.457175, -0.629338
-0.390724, 0.829650
-0.372777, 0.121354
0.885619, 0.432454
0.974178, -0.893210
0.021284, 0.733278
-0.000128, -0.419971
0.212276, 0.255990
-0.878089, -0.583121
0.696778, 0.277333
-0.562015, 0.757298
0.839934, -0.052114
-0.646493, 0.075737
0.104873, 0.400045
0.435824, 0.953036
-0.052757, 0.011955
-0.918248, 0.684449
0.179990, 0.121958
0.006718, -0.382863
-0.502936, 0.858105
-0.130473, -0.006675
0.177696, 0.272061
-0.891026, 0.287025
-0.833470, -0.144901
0.961033, -0.097722
0.952290, -0.147462
0.458618, 0.056448
0.637861, -0.426640
-0.056703, -0.657464
0.205824, 0.124760
-0.339803, 0.864646
0.994622, 0.218655
-0.021113, 0.646085
0.528410, 0.366339
0.457737, -0.449352
-0.948772, -0.291321
-0.414087, 0.052789
-0.686145, -0.536080
0.769458, 0.874110
0.648514, 0.253346
0.456669, 0.811092
0.563633, 0.263764
-0.162862, 0.846219
-0.452765, 0.279958
0.676897, -0.425066
-0.154500, -0.244609
0.555778, 0.573063
-0.061690, -0.799065
-0.471457, -0.813033
0.990007, 0.947103
-0.279837, 0.857619
0.051238, 0.350058
-0.527820, 0.462744
-0.346697, -0.554552
-0.506482, -0.309102
0.376820, -0.285194
-0.700227, -0.973119
-0.932936, -0.165694
-0.384938, 0.465795
-0.375423, -0.415803
-0.767017, 0.763830
0.688897, 0.016691
0.345152, 0.065440
0.253255, 0.389825
-0.450382, 0.936844
-0.381536, 0.532393
-0.471966, 0.010716
-0.331113, 0.257254
0.933051, -0.155032
-0.698600, -0.805322
0.455205, 0.053843
-0.027153, 0.686388
-0.049279, 0.561793
0.914539, 0.224010
0.894019, -0.092809
-0.650241, 0.896045
-0.977892, -0.108042
0.992845, -0.921471
0.369157, 0.333748
-0.486956, -0.797748
-0.779699, 0.260340
-0.663925, -0.031361
-0.754231, -0.971007
-0.261414, 0.303604
-0.045404, 0.030927
0.921552, -0.084109
-0.658945, -0.737986
0.365848, -0.323432
0.665814, 0.553799
0.046264, 0.778054
-0.723839, 0.035088
0.271702, -0.996491
0.941645, -0.415525
-0.180668, 0.894140
-0.475383, -0.260886
0.295234, -0.810754
0.228523, -0.857546
-0.392365, 0.534899
-0.017478, -0.652204
0.263227, 0.267885
-0.071637, 0.727427
0.282496, 0.434356
-0.881130, 0.827721
-0.126158, 0.519375
-0.878971, -0.121359
-0.865762, 0.393779
0.816303, -0.091386
0.249737, 0.467285
0.757966, -0.210968
-0.115686, 0.629470
0.426551, -0.011527
0.873392, 0.700270
-0.704414, -0.453214
-0.048933, -0.540881
0.433129, 0.285190
-0.103310, 0.371189
0.664320, -0.396658
0.355082, 0.005281
0.087021, 0.474457
0.443810, 0.538508
-0.946798, 0.996942
0.874225, 0.393232
0.434419, -0.540476
-0.536810, 0.880173
0.905551, -0.400535
-0.553001, 0.155951
0.059757, 0.745320
-0.223529, -0.898007
0.887224, -0.379647
0.008845, 0.395226
0.263525, -0.579308
0.222070, 0.841363
0.634230, -0.060082
-0.390574, -0.410643
0.547903, 0.251673
-0.389218, 0.740099
-0.666246, -0.589407
0.528283, 0.613955
0.415428, 0.374396
-0.995810, 0.060148
0.095597, -0.043237
0.622904, -0.496974
0.376562, 0.693328
-0.951453, 0.559510
0.416586, 0.948612
-0.850168, -0.791908
0.971078, 0.446169
-0.322805, 0.599533
-0.495498, -0.105376
0.695502, 0.680213
0.162937, 0.850503
0.855124, -0.274123
0.335574, 0.186102
0.174917, 0.671599
-0.171908, -0.787812
-0.739608, 0.185486
0.877219, -0.641320
-0.964673, -0.722561
0.394703, -0.998405
0.812671, 0.741554
0.305033, 0.673519
-0.191247, -0.123456
0.086300, -0.739983
0.653549, -0.805928
0.319301, -0.310655
-0.202206, 0.487032
-0.851513, -0.691938
0.537093, -0.290006
-0.468729, 0.854076
-0.268468, -0.028157
-0.890712, 0.968486
-0.578492, 0.641107
0.587995, -0.507444
0.921514, 0.159625
-0.431659, -0.274990
-0.869372, 0.391813
0.001084, 0.985464
0.785908, -0.402111
0.850299, -0.346767
0.341066, -0.133027
-0.995520, 0.138935
0.269367, -0.231721
-0.176163, 0.558153
-0.200873, -0.958067
0.573369, -0.429935
-0.021599, -0.973103
0.050769, 0.582389
0.356936, -0.633027
-0.183663, -0.098193
0.399437, -0.140005
-0.392989, -0.642384
0.605262, -0.035606
0.421778, 0.799836
-0.001890, 0.486644
-0.357029, 0.563161
-0.856344, -0.731258
-0.747618, -0.863124
-0.593636, -0.586210
0.065328, -0.769326
-0.065386, -0.186807
0.177622, 0.776386
-0.814198, -0.717593
-0.950637, 0.129794
-0.518113, 0.145090
0.462689, 0.404428
0.703519, -0.796736
0.189835, -0.904042
-0.455704, 0.234347
0.620256, -0.007983
-0.019783, 0.927762
0.883598, 0.465875
-0.496629, 0.833088
-0.397756, 0.633150
0.294678, 0.006803
-0.127225, 0.507333
0.831721, 0.429405
0.626165, -0.133512
0.034426, -0.595533
0.369330, 0.329227
0.055982, 0.251317
-0.320842, -0.517738
-0.717717, -0.242706
-0.521296, 0.146663
0.090482, 0.895277
-0.338521, -0.610337
-0.957619, 0.388419
0.128285, 0.047740
0.606593, -0.333748
0.105808, 0.972098
0.825246, -0.998787
-0.049186, 0.377432
0.947832, 0.010603
0.443972, 0.682910
0.590428, -0.393072
-0.888119, -0.822284
0.461611, 0.128207
-0.110776, -0.627484
-0.158980, -0.218118
-0.611199, 0.271304
0.281530, 0.581805
0.603352, -0.480657
-0.821909, -0.933115
0.830897, 0.340641
-0.053003, 0.329806
-0.701331, 0.680866
0.514412, 0.911507
0.495133, -0.057775
-0.282203, -0.576078
-0.707301, 0.079716
-0.764592, -0.003250
0.256204, 0.711215
-0.786833, 0.922042
0.763917, -0.346572
-0.826510, 0.800150
0.735300, -0.877242
-0.354929, 0.320264
-0.408732, 0.722110
-0.972871, -0.630602
-0.975329, -0.572114
-0.719062, -0.600663
-0.622335, -0.586064
0.603296, -0.585395
0.769109, 0.801418
-0.011429, 0.048081
0.657087, 0.405170
-0.575552, -0.332548
-0.069446, -0.893678
-0.002081, -0.424444
0.875777, 0.802649
-0.089636, 0.609221
-0.864178, 0.016162
0.285378, 0.328291
0.438222, 0.100338
0.333216, -0.387770
0.055501, 0.712243
0.773710, -0.079836
-0.354259, -0.711487
0.343064, -0.007843
-0.341152, -0.571066
0.591245, -0.692492
0.081429, 0.411447
-0.362470, 0.976019
-0.536250, -0.135801
-0.598508, 0.389018
0.996034, 0.997727
-0.117462, 0.119247
0.176092, -0.293849
0.712090, -0.972495
-0.783222, -0.150650
-0.185365, 0.599733
-0.082588, 0.590250
-0.301577, 0.790431
0.191601, -0.280775
-0.457967, 0.091764
0.630331, -0.123976
0.242694, 0.924082
0.236414, -0.828645
0.130863, -0.364822
0.296793, 0.549760
0.641020, 0.596657
0.323711, -0.136222
-0.378087, -0.066398
-0.681122, 0.356282
-0.410210, -0.752430
0.427953, -0.786519
0.827461, -0.243553
-0.815914, 0.519161
0.917060, 0.321868
0.092781, 0.476571
0.385299, 0.931507
0.321979, 0.065685
0.442402, -0.564018
-0.074167, -0.310419
-0.949552, -0.524192
0.055062, 0.296829
0.278582, 0.056247
0.361006, -0.465475
-0.532337, -0.464612
-0.234273, -0.368075
-0.225745, 0.450169
-0.966073, -0.545327
0.145971, 0.025230
0.740660, -0.674352
-0.852791, 0.409999
0.756155, -0.291279
0.994463, 0.960521
-0.751627, 0.159190
-0.812778, 0.263435
-0.292658, -0.100800
0.089445, 0.625887
-0.473623, -0.821389
0.251474, 0.796048
0.455860, 0.465717
-0.672825, -0.647649
-0.849111, 0.899530
-0.494299, -0.560994
-0.816625, -0.552450
0.648306, -0.610017
-0.871743, 0.338829
0.607885, 0.495014
0.285996, -0.471129
-0.376737, -0.762063
-0.183242, -0.693347
0.012447, 0.999276
-0.621596, -0.041878
0.316368, -0.519885
-0.872892, -0.879149
0.374611, -0.263420
-0.869694, -0.834521
-0.213381, -0.096523
0.403589, 0.579301
-0.322059, 0.305323
-0.725492, 0.236405
-0.812496, -0.227964
-0.422744, -0.617515
0.814301, -0.816884
0.763493, -0.982717
-0.631917, -0.452672
-0.569902, -0.502999
0.480368, -0.978595
0.742190, 0.635389
-0.553896, 0.688587
0.277870, 0.335221
0.929571, 0.550758
-0.351930, -0.409954
0.147200, 0.745126
-0.205250, -0.651816
0.182414, -0.545397
0.593568, 0.268041
-0.406422, 0.959012
-0.010695, -0.633724
0.540067, 0.262092
-0.455901, -0.094218
0.527343, -0.032413
0.994772, 0.114753
0.256073, 0.733087
0.430093, -0.410082
-0.309343, 0.828374
0.211663, -0.295224
-0.722420, 0.474830
-0.313314, 0.783943
0.908462, 0.120796
-0.630666, 0.617219
-0.521610, 0.420623
0.777053, 0.107866
-0.475079, -0.681902
-0.273900, -0.417324
0.911981, -0.068529
0.058898, -0.173877
-0.261259, 0.156892
0.620592, 0.341864
-0.819862, 0.596818
-0.135202, -0.363944
-0.803686, -0.178617
-0.545879, -0.129952
0.190185, 0.557179
0.647127, 0.507942
-0.044962, 0.391440
0.544915, -0.122455
-0.880987, -0.842435
-0.703069, 0.350531
0.636614, 0.205867
-0.983720, 0.578726
0.259632, -0.053996
0.783947, 0.420754
0.375570, -0.135385
0.361958, 0.196031
0.864761, 0.266475
-0.313729, 0.342873
-0.684826, -0.769688
-0.307446, 0.547680
0.724848, 0.896325
0.766554, -0.991564
0.786504, 0.103443
-0.344547, -0.100703
-0.074215, -0.824131
-0.160693, -0.463325
0.513682, 0.554483
0.272692, 0.237953
0.426645, -0.148950
-0.765008, 0.531695
-0.590877, -0.235281
0.639534, -0.481049
-0.555851, -0.601004
-0.121542, 0.789600
0.289177, -0.309132
0.787545, 0.674022
-0.614227, 0.257542
0.480817, -0.655632
-0.705301, 0.869601
0.494809, -0.620932
-0.249569, 0.261631
0.428356, 0.038262
0.700509, 0.144678
0.220820, 0.575463
-0.182042, -0.929511
0.521469, -0.193329
0.746027, -0.888350
-0.874301, 0.824969
0.660413, 0.435889
0.162987, -0.976096
-0.779710, -0.238579
-0.652415, -0.493368
0.205490, -0.575427
0.712284, -0.699812
0.080617, -0.239344
0.444799, -0.064018
-0.670346, -0.771310
0.010990, -0.247652
0.590670, 0.667136
0.079150, -0.991286
0.216318, 0.263559
0.738700, -0.111588
-0.957361, 0.652304
-0.524826, 0.543989
-0.193942, -0.725343
-0.011192, -0.419480
0.376453, 0.062295
-0.010805, 0.123280
-0.255051, -0.211239
-0.016590, 0.930269
0.150950, 0.387464
-0.915720, -0.060316
-0.925370, 0.986179
-0.507462, 0.312298
0.259212, -0.169498
0.594907, -0.644817
-0.283252, -0.570966
-0.483579, -0.620023
-0.021612, -0.303438
0.305363, 0.043223
-0.454650, -0.667157
-0.956134, 0.864189
0.174098, 0.467234
0.864433, -0.139404
-0.208634, 0.991701
0.833839, -0.236328
-0.456740, 0.065715
-0.316025, -0.195463
-0.352069, -0.195415
0.504943, -0.895482
0.610272, 0.640104
0.868024, 0.654708
-0.312121, -0.875499
-0.449194, 0.653889
-0.734909, 0.863948
-0.523072, 0.541728
0.271489, 0.652482
-0.026604, 0.905595
0.287372, 0.909879
0.401710, -0.785734
0.341983, -0.147379
-0.887645, -0.536085
-0.987305, -0.579487
-0.469291, 0.049986
-0.528732, -0.926816
0.016248, 0.299040
0.134473, 0.628444
-0.699428, -0.542666
-0.474722, 0.336087
0.781635, 0.082063
0.035294, -0.223028
-0.842182, -0.332260
-0.376826, -0.571952
0.502455, -0.325887
-0.199411, -0.629698
0.023874, -0.940859
-0.496256, 0.949229
-0.523104, -0.168977
-0.085465, -0.672259
0.096276, -0.279548
0.240665, -0.848256
0.086327, 0.618122
-0.363404, 0.292641
0.972864, -0.161125
0.729993, -0.727385
0.921182, 0.338873
0.706900, 0.206066
0.163253, 0.637194
-0.240691, 0.569603
-0.682994, -0.737151
-0.678346, -0.927950
0.243865, 0.228270
-0.526384, 0.842131
0.368306, -0.150327
-0.486759, 0.604935
-0.922909, 0.299852
0.235557, 0.445217
-0.231335, 0.774361
-0.420042, -0.015725
-0.732147, -0.850049
0.277353, 0.935928
0.870810, -0.486155
-0.135914, 0.479514
-0.828286, 0.868124
-0.845874, 0.882426
-0.715342, -0.831814
0.608116, 0.768238
-0.890586, 0.944058
-0.332631, -0.266583
0.776759, 0.058667
-0.121453, -0.623405
0.311226, -0.683603
0.451420, -0.103436
0.005017, 0.663239
0.760532, -0.363283
0.670266, -0.948953
-0.591509, -0.073481
0.661613, -0.224438
0.071439, -0.170142
0.334814, 0.474709
-0.848169, -0.255243
-0.857152, -0.206683
-0.798996, 0.240925
0.069178, 0.720205
0.499450, 0.483019
0.102858, -0.890823
0.829375, 0.974328
0.952493, 0.407340
-0.529050, 0.342180
-0.926220, -0.627947
0.677815, -0.269557
-0.534934, -0.876880
-0.029954, -0.074941
-0.098591, 0.597769
-0.793259, -0.376002
0.485857, 0.174752
-0.586823, -0.018433
-0.090455, 0.469734
0.123975, 0.702316
-0.655051, 0.252380
-0.208702, 0.144852
0.250753, 0.992843
-0.906326, -0.874284
0.583079, -0.757665
0.063800, 0.137732
-0.524285, -0.377814
-0.109568, -0.708139
0.954720, 0.946119
-0.423030, 0.932765
-0.912119, -0.469193
0.017011, -0.473397
-0.676458, -0.291609
-0.263654, -0.950893
0.020091, 0.890753
0.632648, -0.989257
-0.728470, -0.791512
-0.293913, 0.587197
-0.143212, -0.417567
0.274450, -0.119414
0.782403, -0.609719
0.797181, -0.959468
0.863723, 0.390135
-0.733589, 0.090627
-0.663066, 0.255280
-0.256927, -0.008398
-0.496577, 0.618697
0.792504, 0.758511
-0.592133, 0.047575
-0.568940, 0.390493
-0.484125, 0.167847
-0.548696, -0.521233
0.980155, -0.064251
0.399611, -0.061709
-0.274735, 0.437340
-0.442273, -0.020149
-0.286900, 0.518584
0.129006, 0.960942
0.979667, -0.992836
0.693966, 0.097002
-0.294980, 0.356734
-0.274391, 0.160332
0.114243, -0.035864
-0.851017, 0.265548
-0.696402, -0.109461
-0.613148, -0.511896
0.235412, -0.749809
-0.477822, 0.870934
-0.795097, -0.067637
-0.474673, -0.627936
-0.388984, 0.093732
0.640663, 0.956678
0.630392, -0.664525
0.206111, -0.593563
-0.855842, 0.555875
0.318281, -0.445227
0.818770, 0.974770
0.802145, 0.862757
-0.746523, 0.364046
-0.308699, -0.019950
0.312734, -0.082060
-0.891397, -0.766106
0.152489, 0.756971
0.240037, 0.547448
0.659986, -0.915581
-0.936191, -0.385737
-0.698699, -0.014700
-0.739342, 0.006630
0.355467, 0.186151
0.447574, 0.141083
-0.552591, 0.157622
-0.567909, -0.549741
-0.735512, 0.134272
-0.067116, 0.025077
0.078158, 0.414248
0.814576, -0.124857
-0.037840, 0.214747
0.596279, -0.324164
-0.184263, -0.741907
0.790517, -0.568089
-0.020728, -0.805846
0.259211, -0.002242
-0.252586, -0.698214
-0.878425, -0.736714
-0.645834, 0.606799
0.460183, -0.812077
0.483877, -0.755210
0.416315, -0.606042
-0.335020, 0.178172
-0.232094, 0.851919
-0.564134, -0.876095
0.686181, -0.264150
0.400077, -0.450680
0.412614, -0.603585
0.580791, -0.422464
0.298128, -0.965526
-0.248215, 0.915961
-0.059039, -0.881341
-0.919391, -0.933510
-0.132705, -0.385521
0.325290, -0.554929
-0.874387, 0.175161
-0.954889, 0.906998
0.430759, -0.866732
0.573900, -0.061165
0.953904, 0.610328
0.885844, -0.235933
-0.237565, 0.247525
-0.380488, 0.486143
-0.483034, 0.676006
0.082038, -0.131461
-0.264079, -0.224313
0.134548, -0.431420
0.717676, 0.499735
-0.085456, -0.861780
-0.684733, 0.086843
0.423866, 0.316007
-0.093455, -0.543634
0.837452, 0.628707
-0.998652, -0.929580
-0.834586, 0.342271
-0.366919, 0.510915
-0.833869, 0.825560
0.686594, -0.303666
0.163095, 0.363479
0.675144, 0.133225
0.064792, 0.445212
0.723343, -0.019678
-0.391610, -0.238471
0.636252, 0.073212
0.232117, -0.152100
-0.434100, 0.770325
0.104547, -0.915398
-0.073573, -0.275424
0.927348, -0.362640
-0.371032, -0.861001
-0.290303, -0.546146
-0.683250, 0.472423
0.173498, 0.665504
-0.084929, -0.536753
0.144241, -0.460320
-0.851041, 0.943273
-0.254409, 0.921465
0.281696, -0.916671
0.786838, 0.245977
-0.083231, -0.489176
0.270028, 0.654349
0.644880, -0.528036
-0.493657, 0.936794
0.671381, -0.425312
0.728411, -0.675827
-0.130796, -0.011147
-0.923794, -0.870107
0.044515, 0.449979
-0.955199, 0.889157
0.779565, 0.516055
0.507549, -0.471714
-0.156067, 0.655076
-0.582938, 0.800598
-0.712658, 0.578979
-0.234782, 0.014113
0.229683, -0.272271
0.834573, -0.258150
-0.508438, -0.071906
0.868002, 0.132198
-0.999165, 0.228190
-0.029345, -0.559803
-0.768628, -0.642393
-0.543701, 0.468052
-0.785987, -0.798001
0.006893, 0.107454
-0.866656, -0.043260
0.829793, -0.473328
0.825275, -0.581359
-0.565960, -0.443921
-0.377596, -0.570723
0.790540, 0.324224
0.395747, 0.151404
-0.608446, -0.791018
-0.108926, 0.587595
0.044457, -0.935649
-0.066037, 0.512839
0.192114, 0.283955
-0.515930, 0.993611
0.571025, -0.724391
0.004355, -0.366841
0.772792, 0.674169
0.818698, -0.058259
-0.914263, -0.058449
0.585548, 0.295810
-0.466962, 0.588913
0.920059, -0.140877
0.999418, 0.508000
0.210498, -0.201987
-0.437936, -0.915657
0.394522, 0.990930
0.471321, -0.635285
0.292131, 0.461142
-0.426561, 0.874818
-0.682444, -0.133888
0.650809, -0.545680
0.370387, 0.194753
0.463351, -0.731668
-0.459999, 0.142732
0.248315, -0.797533
0.127650, -0.096416
0.671774, -0.167522
0.479381, -0.701588
0.883462, 0.435059
-0.326999, -0.697921
0.627304, -0.780862
-0.001086, -0.249422
0.216659, -0.723515
0.541780, -0.235499
0.778579, -0.413514
0.978197, -0.571427
-0.929749, 0.290612
-0.167649, 0.115166
-0.373738, -0.473554
-0.913853, -0.662941
0.763076, 0.974031
-0.148282, 0.558841
-0.944423, -0.426777
0.064944, -0.976590
-0.771558, 0.190793
-0.158435, -0.743774
-0.273745, 0.448890
-0.249526, 0.239415
0.580778, -0.250292
-0.721773, 0.493261
0.791059, -0.901668
-0.365053, -0.754837
0.429448, 0.750048
-0.090585, 0.572310
0.735690, -0.589864
-0.076564, 0.164515
0.391585, -0.042836
0.585928, -0.144719
-0.921598, 0.044716
0.818657, -0.181133
-0.234630, 0.257846
0.251737, -0.098674
0.639712, -0.825392
-0.680234, 0.649903
0.232198, -0.601132
0.895551, 0.069975
-0.610492, -0.735626
-0.842006, -0.679208
-0.860392, 0.582809
-0.409919, 0.417873
-0.011519, -0.928770
-0.898426, 0.735074
-0.598493, 0.715372
-0.530289, -0.391822
0.222526, 0.945265
-0.299696, 0.526841
-0.563108, 0.261819
-0.707631, -0.497596
-0.351091, 0.573876
-0.932063, 0.904197
0.073817, -0.031785
-0.159457, -0.764367
-0.970153, 0.866252
-0.280209, 0.017110
0.338107, -0.785588
0.683604, -0.256237
-0.087286, 0.686239
-0.374693, -0.352105
0.759725, 0.465676
0.395882, 0.216527
0.289031, 0.696864
0.760047, 0.712309
-0.496292, -0.665142
0.690350, 0.352040
-0.018194, -0.798916
-0.126712, -0.889944
0.201297, -0.692207
-0.661254, 0.673741
-0.523599, -0.282906
-0.012510, -0.793116
0.257301, 0.438484
-0.868217, -0.413505
0.426577, -0.010298
0.299505, -0.265093
0.660251, 0.941442
-0.210933, 0.427561
0.643573, 0.200264
0.210679, -0.256199
-0.048398, 0.423436
-0.121173, 0.085432
-0.689821, 0.726920
-0.348729, -0.737291
-0.172721, -0.995961
0.292361, -0.898437
-0.232896, 0.254799
-0.352260, 0.493615
-0.697732, -0.692376
-0.385523, -0.614958
-0.955964, -0.214942
0.774504, -0.604215
0.985000, -0.390212
-0.793279, -0.887994
0.879484, -0.624314
-0.339285, -0.556960
0.377139, -0.724346
-0.180747, 0.002073
0.259038, 0.521399
0.462910, 0.267349
-0.345275, 0.197488
-0.593015, -0.466138
-0.877062, 0.524713
0.596916, 0.068444
0.476507, -0.816156
-0.102230, -0.513801
-0.043604, -0.449413
0.230909, -0.857005
-0.977658, -0.349761
-0.903084, 0.604188
0.723361, -0.820770
-0.373672, 0.483588
-0.408583, 0.017844
0.650468, -0.559934
-0.523269, 0.342426
-0.096455, 0.598113
-0.379108, 0.519172
-0.182724, 0.800362
0.728445, 0.087615
-0.904575, -0.631190
-0.763376, 0.510561
-0.161151, 0.168740
0.368008, -0.073899
-0.946626, 0.470156
-0.201077, -0.630239
-0.170713, -0.755914
-0.057285, 0.819386
0.489909, 0.422221
-0.610137, 0.869554
-0.394448, -0.213208
0.237124, 0.590110
-0.034169, 0.548228
0.740522, -0.912482
0.378235, 0.821461
-0.855741, 0.603009
-0.188671, -0.348709
0.733041, 0.073755
-0.599538, 0.384889
-0.612831, -0.908289
0.544112, 0.145116
-0.024369, 0.494114
0.348238, -0.162173
-0.923984, -0.021243
-0.548486, 0.704020
-0.683490, 0.467852
-0.654025, 0.894915
-0.696481, -0.099926
0.192307, 0.290247
-0.001546, 0.820026
-0.244650, 0.555595
-0.567401, 0.190749
0.903116, 0.801912
-0.972531, -0.909133
-0.776746, -0.760451
-0.937553, 0.112248
0.232118, 0.576446
-0.056534, 0.833197
0.575372, 0.988772
0.595825, 0.515706
0.787321, 0.792669
0.632408, -0.835025
0.874402, -0.578359
-0.868082, 0.632892
0.610596, -0.529806
-0.814530, -0.136349
0.803931, 0.637947
-0.881124, -0.957642
-0.288659, 0.759909
-0.867926, -0.642297
0.641575, -0.174453
0.829111, 0.438301
0.537158, -0.327852
-0.512450, -0.469232
-0.679357, 0.870880
-0.332784, -0.919685
-0.582168, -0.181364
-0.286662, -0.101980
-0.041061, 0.644708
-0.773253, 0.607435
0.102446, 0.253923
-0.284437, 0.217886
0.044433, -0.843002
-0.835538, -0.432132
-0.045384, -0.226274
0.541668, 0.723067
0.203075, -0.983370
0.716369, 0.998015
-0.304911, -0.048407
-0.496074, 0.039812
0.123083, -0.766670
-0.438812, -0.043004
0.526789, -0.653567
-0.135918, -0.404099
0.546156, 0.697510
-0.094610, -0.327081
0.840034, -0.371096
-0.522444, 0.130984
-0.655195, 0.198463
-0.558972, 0.284969
-0.839808, -0.221280
0.425975, 0.022337
0.199509, -0.723761
0.025908, -0.097647
-0.586040, -0.253024
-0.950019, 0.342759
0.838800, -0.682066
-0.596345, -0.074218
0.627036, 0.997079
-0.094094, 0.819533
-0.188212, 0.592410
0.096991, 0.748221
0.718950, 0.240372
0.177633, 0.988319
-0.979823, -0.285866
-0.968942, 0.530216
-0.256640, -0.700868
-0.667623, 0.303938
0.642751, 0.579946
0.279235, 0.300914
0.384797, 0.110216
-0.355378, -0.354562
0.932834, 0.419872
0.391245, 0.357046
-0.609175, 0.012580
-0.631742, 0.948734
0.038804, 0.645546
-0.366432, 0.496760
-0.986604, 0.612541
0.267604, 0.596304
0.040272, 0.816095
-0.989013, 0.212954
-0.650139, 0.544330
0.258953, 0.019286
0.374735, 0.806864
0.944702, 0.218261
-0.497835, -0.719109
0.036823, -0.422625
0.010970, -0.129202
0.344193, -0.140154
-0.013378, -0.622763
0.891711, -0.882104
0.241323, 0.994858
-0.149207, -0.584184
-0.748176, -0.046600
0.871336, 0.711476
0.059293, -0.099711
0.893602, 0.220569
0.301001, -0.081224
0.724358, -0.181528
-0.646122, -0.930210
-0.291938, -0.529189
0.347937, -0.056697
-0.857081, -0.247772
-0.846465, -0.852952
0.823070, -0.875127
0.762343, -0.138423
0.727438, 0.730494
-0.463109, 0.385974
-0.378303, 0.648288
-0.785638, -0.414044
0.986040, 0.308058
0.482106, -0.588641
0.031464, -0.669848
0.539708, -0.167624
-0.118165, -0.703470
0.989973, -0.884658
-0.728974, -0.527037
-0.303503, 0.059132
0.082304, -0.656920
-0.351421, 0.583755
0.873460, -0.552064
0.859753, 0.322997
-0.021977, 0.570542
0.974082, -0.806412
0.970946, 0.837351
0.444898, -0.777082
-0.440818, -0.742060
-0.791866, -0.291464
0.188274, 0.861808
-0.413712, 0.745014
-0.322737, 0.713069
-0.651659, 0.659389
0.184671, 0.187622
-0.020738, 0.121215
0.140524, -0.381140
0.208353, -0.317194
0.151928, -0.238654
0.662176, -0.262873
-0.328479, 0.736022
0.641371, -0.983015
0.728523, 0.155639
-0.675049, 0.548703
-0.946653, 0.396677
-0.299866, 0.258041
0.180319, -0.662373
-0.325398, -0.967114
0.906840, 0.381830
-0.700495, 0.629652
-0.899940, 0.955559
-0.756212, -0.862190
-0.740785, -0.292987
0.499913, -0.532659
-0.387288, -0.047525
-0.548025, -0.031506
0.260239, -0.736145
0.077322, -0.885122
-0.608391, -0.117028
0.068573, 0.826762
0.895973, -0.156949
0.552045, 0.435640
0.445587, -0.721789
0.226828, -0.688864
-0.678780, -0.453951
0.915255, 0.545351
-0.842670, -0.949040
0.237358, -0.456140
0.837259, 0.057932
-0.919871, -0.786503
0.461491, 0.104566
-0.508162, 0.455520
-0.904686, -0.664464
0.471935, -0.005480
-0.649278, -0.547580
-0.606583, -0.950951
-0.373809, 0.387893
-0.190764, 0.449089
-0.853068, 0.908180
-0.215490, 0.446680
0.837825, 0.774928
-0.417950, 0.243736
0.995582, 0.261219
-0.545931, -0.306498
-0.534787, 0.463727
-0.436867, -0.093825
0.456809, 0.504742
-0.092165, -0.050909
0.354692, -0.880348
-0.664662, 0.604587
-0.964269, -0.949239
0.667091, -0.545483
0.008353, 0.731803
-0.539300, -0.599283
-0.412966, 0.294114
-0.802597, -0.938177
0.644823, 0.198692
0.676247, 0.604817
-0.018019, -0.681596
-0.401640, 0.233513
-0.844229, -0.044194
-0.004962, 0.107356
0.336900, -0.439574
-0.259919, 0.597224
-0.059737, 0.856150
-0.881701, 0.668427
-0.119512, -0.701602
-0.461682, 0.308072
0.314212, 0.730385
-0.538071, -0.606360
0.443462, 0.282733
-0.202225, 0.842876
0.546665, 0.533743
-0.708167, 0.368225
0.691521, 0.730886
0.983508, 0.848705
0.830639, 0.403847
0.362289, -0.168906
0.771535, -0.259528
0.859554, 0.778418
-0.864935, 0.473008
0.772109, -0.441087
0.006309, 0.134044
-0.617462, 0.206033
0.567646, -0.298558
0.081891, 0.127509
-0.293272, -0.203573
-0.989224, -0.349663
-0.740019, -0.029839
0.024695, 0.624067
0.384768, 0.384422
-0.887328, 0.476645
-0.431059, 0.329158
-0.867895, 0.814402
0.820945, -0.899358
0.717816, -0.605887
0.566438, 0.856215
0.732068, 0.978356
-0.567403, 0.798534
0.099797, 0.713915
0.614416, 0.400401
-0.719087, -0.703190
0.752105, 0.393966
-0.025861, 0.135026
0.588165, -0.843234
-0.836816, -0.913947
0.052762, -0.227205
-0.303617, 0.460096
0.642173, 0.676623
-0.801394, 0.780245
-0.816527, -0.866123
-0.865340, -0.649817
-0.336349, -0.918604
-0.722566, 0.782852
0.166328, 0.840231
-0.809865, -0.298887
-0.857562, 0.459001
0.614855, -0.419219
-0.598758, -0.828813
-0.756440, 0.819172
0.465425, 0.419615
-0.453403, 0.563700
-0.474950, -0.381401
-0.268357, 0.825475
0.549597, -0.497320
-0.952616, -0.303756
-0.241728, -0.363996
0.755524, -0.935091
-0.217351, -0.722346
0.249326, -0.960907
-0.484795, -0.960778
0.089210, 0.196024
0.275063, -0.373272
-0.606534, 0.354613
0.986805, 0.398690
0.314045, 0.572860
0.484849, 0.590264
-0.887995, 0.957575
0.850788, -0.816245
0.880460, -0.246451
0.510340, -0.830801
-0.554373, 0.233608
0.216345, 0.923689
0.228886, -0.995017
-0.140060, -0.695164
-0.029056, 0.163681
0.028112, -0.865857
-0.595674, -0.591076
0.276208, 0.300324
-0.154093, 0.922500
-0.188611, -0.857064
-0.416963, 0.522267
-0.639621, 0.423766
0.955073, 0.003182
0.061293, -0.667783
0.594820, -0.384569
0.894592, -0.117138
0.747005, 0.206460
-0.729030, 0.593232
0.760298, -0.208609
0.629821, -0.486701
0.876955, 0.174811
-0.362785, 0.519320
-0.407774, -0.976799
-0.047751, 0.356937
-0.772645, 0.378447
0.701193, -0.998594
-0.416729, 0.443038
0.255276, -0.047165
0.224512, -0.845504
-0.602851, -0.659984
-0.991027, 0.245737
0.234489, 0.596204
0.270807, -0.709702
0.792990, -0.821456
0.757719, -0.172189
0.668606, 0.596707
0.263967, 0.383682
0.679807, 0.810066
0.703673, 0.200856
0.933824, -0.635323
-0.459022, 0.640865
0.100171, 0.974064
-0.344236, -0.352989
-0.954878, -0.167808
-0.799652, -0.412570
0.709138, 0.039841
0.768292, -0.257120
-0.539160, 0.826894
0.580531, -0.028971
0.657379, 0.447537
0.350583, -0.468621
0.395591, -0.605600
0.473997, 0.887472
-0.804739, -0.641411
0.930743, -0.961726
0.570083, -0.737661
0.124748, -0.682231
-0.667659, -0.273768
0.193167, -0.898734
0.294527, -0.154113
-0.573963, 0.364395
-0.479809, -0.209819
0.143075, -0.925227
0.568192, -0.505576
-0.540587, 0.339771
0.480556, -0.103337
0.084344, 0.266406
-0.869011, -0.396647
0.910805, -0.325434
-0.116730, -0.034444
0.040243, -0.497676
-0.002937, -0.936928
-0.006232, -0.028494
0.356070, -0.095526
-0.000975, 0.689681
-0.586562, -0.206185
0.308996, -0.914754
0.126142, -0.862021
-0.956139, 0.462783
-0.619317, 0.258230
-0.552443, 0.231003
-0.236199, -0.524322
-0.025565, 0.058107
0.869378, -0.813885
0.017100, 0.206983
-0.176451, -0.681845
0.103137, -0.653086
0.899450, 0.338578
-0.664338, -0.108968
0.840327, 0.227302
-0.911586, 0.062558
-0.038004, -0.781124
-0.501896, -0.994937
0.999900, 0.311892
-0.714502, -0.583952
0.608453, 0.968768
0.780332, 0.659424
-0.791246, 0.745005
0.580615, 0.110712
-0.263014, -0.113579
-0.735880, 0.907003
-0.775873, -0.953560
0.620881, -0.359600
0.286354, 0.357436
-0.458271, -0.183622
-0.113492, -0.470451
-0.241035, -0.721314
0.082549, -0.718898
0.700446, 0.574983
0.157188, 0.039484
-0.145975, -0.233501
0.223624, -0.534534
-0.230357, -0.813519
-0.325279, -0.189025
-0.151244, -0.787959
-0.575758, -0.927948
-0.868499, 0.747903
-0.475999, 0.503687
0.042461, 0.133013
0.045078, -0.678400
-0.561970, -0.221961
0.048933, -0.224551
0.023213, 0.658423
0.874651, 0.054934
-0.326477, 0.797311
-0.298763, 0.480100
-0.629691, 0.195318
-0.542947, 0.074019
0.320536, -0.125262
0.507159, 0.741842
0.111168, 0.779825
0.431613, -0.858573
-0.538826, 0.690356
-0.590778, -0.446625
0.504614, -0.468322
0.474157, -0.748624
0.575606, -0.135036
0.432271, 0.043373
-0.452836, -0.537303
0.621206, 0.674116
-0.818027, -0.395761
0.416885, 0.324559
-0.174880, -0.618246
-0.917079, -0.737255
-0.779221, -0.317661
-0.578931, -0.600463
0.876286, -0.399897
0.779316, -0.686491
0.197426, -0.609832
0.744102, -0.840970
-0.095948, 0.470766
0.254969, -0.837934
0.404658, 0.669393
-0.819116, -0.157975
-0.213402, 0.028809
0.699321, -0.294082
0.916866, 0.258612
0.348075, 0.613508
-0.766047, -0.656695
-0.419893, -0.497343
-0.905881, -0.825086
0.065268, -0.647680
-0.089039, -0.621979
-0.069376, 0.289208
-0.756046, 0.412213
-0.210609, 0.445206
-0.993113, -0.607846
0.750558, -0.271914
-0.593184, -0.820409
0.109895, -0.382615
0.837808, -0.666682
-0.442849, -0.416247
-0.102314, -0.917271
0.886516, 0.122958
-0.862353, -0.423384
0.628292, 0.595526
0.292052, -0.068495
-0.683572, -0.321296
-0.718283, -0.452182
-0.846704, -0.889716
-0.891031, -0.611874
-0.901381, -0.355952
-0.604983, 0.489185
-0.608819, -0.499363
-0.826608, -0.572798
0.748678, -0.851389
-0.499283, 0.682739
0.767205, 0.663848
-0.940285, 0.578138
-0.602035, -0.602233
0.446752, -0.547553
0.293049, 0.710037
-0.329037, 0.226781
-0.565261, 0.293373
0.874023, -0.106719
0.471883, -0.780276
0.152431, -0.666650
-0.298340, 0.194589
-0.699351, -0.555347
0.360015, -0.523963
0.946611, -0.769009
0.334466, 0.958588
-0.822765, -0.431100
0.301288, -0.464543
0.691989, -0.491664
-0.088557, -0.116425
0.858916, -0.091090
-0.995542, 0.490601
-0.871542, 0.868860
-0.723528, 0.710257
-0.192934, -0.326297
0.424640, 0.612281
0.853245, 0.933780
-0.871434, -0.273232
0.899807, -0.917787
-0.501717, 0.448098
-0.425393, -0.399683
-0.293181, -0.610532
0.663112, -0.661034
-0.144304, 0.850594
-0.738490, -0.530675
-0.539341, 0.823601
0.960045, 0.633527
0.400183, -0.370910
-0.851075, -0.291810
-0.410132, -0.466526
0.498725, 0.404478
-0.509552, -0.384006
0.847742, 0.773503
0.113923, -0.180708
-0.580742, -0.762019
0.591022, -0.070552
-0.856480, -0.668690
-0.100030, -0.409898
-0.865661, -0.924957
0.029679, 0.016577
0.701796, -0.829715
0.080911, 0.948850
-0.193139, -0.069686
-0.812839, 0.276411
-0.236622, -0.560644
0.822249, 0.859858
0.207929, 0.453670
0.413539, 0.531528
-0.336944, -0.803741
0.930160, 0.536750
0.838106, -0.427618
0.697279, -0.304698
0.408756, -0.825791
0.921272, 0.576070
0.981581, -0.102047
0.700192, -0.012356
-0.413420, -0.290964
0.478465, 0.580483
0.215619, -0.828793
-0.800623, -0.557856
-0.679483, 0.547131
-0.324139, -0.060351
0.519741, -0.372382
-0.888151, 0.781422
0.783668, 0.856711
-0.366733, 0.517304
-0.675545, 0.364638
0.634155, 0.189451
0.418719, 0.520617
0.424325, -0.023274
0.747294, 0.125412
0.835067, 0.353813
0.693727, 0.012760
-0.338012, 0.613393
0.692432, -0.915138
0.284851, -0.081667
-0.146597, 0.626127
0.272653, 0.135083
-0.911659, 0.294643
-0.673563, 0.262652
-0.166235, 0.863618
0.823237, -0.937596
-0.282352, 0.663134
0.370770, 0.025875
0.898506, 0.857648
-0.201718, -0.503678
0.248920, -0.810706
0.209085, 0.527787
0.925503, -0.418720
-0.876717, 0.036657
0.032425, 0.119202
0.015961, 0.935578
-0.745526, 0.973748
0.713425, 0.552571
-0.975063, 0.188625
0.257758, 0.223208
-0.842836, 0.176980
0.143288, 0.803811
0.898657, 0.144388
0.698884, -0.357632
0.527664, 0.462721
0.650518, -0.818609
0.519836, 0.375431
0.100881, 0.668746
0.563551, 0.531335
-0.086125, -0.516946
0.151906, 0.893804
0.589445, 0.850366
-0.545973, -0.821341
0.430852, 0.744740
0.028396, -0.274193
-0.061116, 0.975584
0.706798, 0.555668
0.745879, 0.519150
-0.464443, 0.784922
0.958460, 0.355929
-0.772534, -0.852852
0.385657, -0.485773
-0.126323, 0.648294
0.297439, -0.856217
0.055494, 0.856890
-0.415029, -0.356677
-0.640800, -0.868183
0.444357, 0.027597
0.832384, -0.746797
-0.145420, 0.838700
0.479158, 0.046963
-0.510631, -0.627494
0.920650, 0.870673
-0.376849, 0.575301
-0.306578, 0.722358
-0.523875, 0.207363
0.294357, -0.056256
-0.460912, -0.556766
-0.617368, 0.036958
0.043292, -0.471528
-0.050874, -0.893186
0.063881, -0.680070
-0.744785, 0.928088
0.853322, 0.698992
-0.238999, 0.874184
0.534796, 0.145018
0.429083, -0.580140
-0.000663, -0.276946
-0.403688, 0.504181
-0.095246, 0.603962
0.670340, -0.266264
-0.623094, 0.952322
-0.603263, 0.555979
0.388557, -0.500813
0.380609, 0.632775
0.709777, -0.777272
-0.601368, -0.288658
-0.504469, 0.621990
-0.844146, -0.375610
0.145768, -0.500033
0.433754, -0.946403
0.115732, -0.206413
0.569952, 0.834736
0.396734, -0.048046
0.285264, -0.608650
-0.756058, -0.569946
-0.210520, -0.045603
0.904628, 0.982931
-0.377457, 0.590095
-0.386139, -0.016560
-0.359995, 0.705745
0.797971, 0.572135
-0.924004, 0.537196
-0.751415, -0.099632
0.600232, 0.895928
-0.807889, 0.124145
-0.214618, 0.870842
0.494331, 0.245134
-0.179199, 0.784536
-0.531839, -0.497395
0.522952, -0.104762
-0.560472, -0.560947
0.672205, 0.761850
-0.663454, 0.840997
-0.990405, 0.220720
0.124153, -0.082015
-0.822982, -0.500351
0.768788, 0.694566
-0.313615, 0.997056
0.716397, -0.148254
0.861431, -0.885791
0.676894, 0.821075
-0.876435, -0.339732
0.364235, -0.400696
0.286598, 0.940696
-0.782809, -0.265611
0.723200, -0.577429
-0.557962, -0.072546
0.870966, 0.906551
0.681875, 0.841423
0.441306, 0.341762
-0.273704, -0.886950
0.313836, -0.087908
-0.444670, 0.088668
-0.314761, 0.958670
-0.014467, -0.781173
0.186374, 0.805434
0.230875, -0.579555
0.494140, 0.252015
0.568242, -0.992158
-0.240744, 0.369858
0.428192, -0.872138
-0.641197, -0.542960
-0.453677, -0.105130
0.490225, 0.462671
-0.617696, -0.289789
-0.636728, 0.188290
-0.916453, -0.263256
0.742872, -0.821211
0.130793, 0.426439
0.705765, -0.280910
-0.799182, 0.468783
-0.804298, -0.843809
-0.672826, 0.998374
0.864435, 0.840789
-0.923340, -0.939212
-0.760909, 0.936247
0.129344, 0.580621
-0.199852, 0.728062
0.786732, -0.884171
-0.418953, -0.812737
-0.968360, -0.536185
0.797397, 0.991628
-0.425479, -0.823698
0.654250, -0.127220
0.338724, 0.231418
-0.905494, 0.827131
0.444026, -0.882066
0.943368, -0.215830
-0.919862, -0.973911
-0.138991, 0.461673
0.516900, -0.323871
0.698533, -0.803814
-0.222142, 0.176848
0.420892, 0.080973
0.753882, 0.410382
-0.689466, 0.434971
-0.521821, -0.257004
0.225278, -0.463119
-0.255118, 0.474989
-0.989467, 0.238266
0.186786, 0.071137
0.682810, 0.166844
-0.625991, 0.379630
-0.502842, 0.643124
-0.803854, -0.157286
0.711469, -0.965958
-0.297016, 0.572894
0.137542, -0.701006
0.943784, 0.328110
0.052776, -0.069140
0.838272, -0.943248
0.347213, 0.443499
-0.799582, 0.262797
-0.221339, 0.882638
0.129329, 0.735934
-0.842009, 0.117460
-0.527267, 0.453996
-0.575279, -0.065715
0.349370, 0.235154
-0.257105, 0.038933
0.571675, -0.654303
-0.023256, 0.079242
0.170836, -0.837396
-0.471906, -0.875896
0.067340, 0.681967
-0.026670, -0.339072
-0.372637, 0.237053
0.649864, 0.128506
0.902970, -0.235884
-0.968528, -0.857772
0.849588, 0.155887
-0.708163, 0.904694
-0.249135, 0.920335
0.753039, -0.341805
-0.684538, 0.154818
0.708284, 0.265930
-0.834134, 0.966423
-0.219193, 0.892320
-0.021039, 0.092168
-0.057877, -0.626353
0.363589, 0.361665
0.250404, 0.638965
0.820577, 0.900554
-0.555371, 0.385726
0.459615, 0.303720
0.651419, 0.124279
0.859015, -0.990382
0.278694, 0.513143
-0.274359, 0.090245
-0.596980, -0.723780
0.696232, -0.839840
-0.431238, 0.552691
0.253632, -0.443705
-0.798290, 0.290173
-0.913987, -0.518637
0.984732, -0.465607
0.461562, 0.182173
0.266696, -0.621872
0.272840, -0.114942
-0.022745, -0.115686
0.849978, -0.041056
-0.442469, 0.796620
-0.122540, 0.519129
0.111779, -0.901587
0.992970, -0.006303
0.113590, -0.577543
0.069061, -0.332238
0.664620, -0.289512
-0.410912, 0.194291
0.317419, 0.667277
-0.511035, -0.109604
-0.836567, 0.429462
-0.830227, -0.098258
0.868583, -0.110651
0.912269, -0.146922
-0.195852, -0.460820
-0.680098, -0.149665
0.484931, 0.919911
-0.670694, 0.279167
-0.376242, -0.402287
0.110570, -0.576658
0.066135, 0.796338
0.104143, 0.635472
0.145740, -0.736001
-0.455861, -0.061534
-0.448470, -0.418705
-0.920732, 0.321773
0.770629, -0.961238
0.169403, -0.090468
-0.554391, 0.828417
-0.560918, 0.211294
-0.133115, 0.593541
0.238874, 0.770981
0.848717, -0.268815
-0.365293, -0.527274
0.706244, 0.963807
-0.768713, -0.038736
0.017955, -0.972954
0.664330, 0.124968
0.328758, 0.403392
-0.418096, -0.717043
0.033942, 0.332855
-0.145702, 0.650063
0.739888, 0.574591
0.893263, 0.993940
-0.804238, 0.156682
-0.555741, -0.583015
-0.799206, -0.734795
0.460023, 0.203602
0.645652, 0.738454
0.658289, 0.347812
0.345928, 0.585886
-0.239185, -0.005842
0.830962, 0.570809
0.254605, 0.976673
0.751228, -0.116650
0.203855, 0.470823
-0.640429, 0.732033
-0.757647, -0.874920
-0.086165, -0.694180
-0.039602, -0.730402
-0.445273, 0.013174
-0.334443, 0.437093
-0.863137, 0.316614
-0.516160, 0.725646
0.287943, -0.090956
0.874093, 0.475263
-0.936553, 0.078285
0.810551, -0.748861
-0.861303, 0.443027
-0.230447, -0.660319
0.934128, 0.125417
0.476752, -0.993144
0.487742, -0.519389
-0.305658, 0.694245
0.499581, -0.335471
0.374777, 0.426445
0.449613, -0.110465
-0.032880, -0.861435
-0.903223, -0.455873
-0.901137, -0.456414
0.840691, 0.398441
-0.521229, 0.875356
-0.148134, -0.388618
0.493301, -0.399464
-0.049978, 0.894929
-0.933636, -0.244579
0.248861, -0.021705
0.971618, 0.137410
-0.501415, 0.577362
0.971205, -0.092660
-0.795666, -0.235925
0.809235, 0.226465
-0.145010, 0.882050
-0.360537, 0.748112
0.627125, 0.509416
0.163454, 0.468217
0.755756, 0.735655
-0.228308, 0.685793
0.001947, -0.830814
0.081892, 0.689880
0.933035, -0.163780
-0.311487, 0.551711
0.189980, 0.445560
-0.139879, 0.140086
-0.651029, -0.459897
0.862485, -0.201971
-0.598675, -0.278140
-0.338086, 0.209775
0.156641, 0.088240
0.046734, -0.467744
0.218284, -0.827909
-0.960495, -0.111237
-0.029189, 0.997505
-0.979484, -0.286357
0.482987, 0.303868
0.791755, -0.818507
-0.815825, -0.429576
-0.852253, -0.083907
-0.376497, -0.396635
-0.527056, -0.930109
0.384492, 0.525433
-0.327204, -0.758375
0.529661, 0.877545
-0.359847, 0.454147
-0.451972, 0.590732
-0.044526, -0.150632
-0.260064, -0.391520
0.453101, 0.943059
0.150078, -0.916675
-0.659323, 0.462200
0.083379, 0.326271
0.678473, 0.321124
-0.768148, -0.099878
-0.367149, -0.002896
0.516282, -0.536837
-0.658381, 0.023343
0.836892, 0.655494
0.497376, 0.287158
-0.962189, 0.686807
-0.956957, 0.076909
0.001444, 0.986791
-0.513455, 0.224270
0.450847, -0.047455
-0.506274, -0.642780
0.757972, 0.174071
-0.765873, 0.874515
-0.085594, 0.583024
-0.313872, 0.492583
-0.456924, -0.591712
0.361097, 0.328293
0.427692, -0.743317
-0.739311, -0.869562
0.231697, -0.546674
-0.055766, -0.324426
0.948717, 0.254681
0.398891, 0.693230
-0.771671, -0.844300
-0.192355, 0.658516
-0.009990, 0.187371
-0.275687, 0.967616
0.567554, -0.786860
0.900106, 0.391168
0.041231, 0.593300
0.315992, -0.757327
0.070946, -0.189654
-0.934992, 0.405278
-0.754106, 0.762945
-0.021264, -0.618488
-0.387629, 0.194636
-0.172272, 0.065574
0.124453, -0.609539
0.690071, -0.284547
-0.344471, -0.132356
0.957739, 0.255713
0.809148, -0.214948
-0.820459, -0.665789
0.155932, -0.619368
0.966450, 0.650926
-0.913763, 0.278571
-0.927797, 0.620063
0.750503, -0.424671
0.668278, 0.945768
-0.907754, -0.948845
0.001755, -0.851358
0.304436, 0.890220
0.661550, -0.422462
0.828439, -0.707182
-0.447191, 0.320016
0.429186, 0.377542
0.464186, -0.092279
0.897646, 0.129446
-0.922474, 0.501121
-0.928158, 0.174029
-0.533393, 0.858448
-0.416494, 0.665047
0.567360, -0.514571
-0.360306, 0.488503
0.929661, -0.101508
0.934263, -0.755395
-0.665928, 0.526193
0.463879, -0.463114
-0.682693, -0.335647
